104	244 2964
1178	174 1667
1196	325 2778
1277	420 4149
1286	155 1412
1376	139 1110
1385	110 886
1439	165 1602
1475	117 1206
1529	322 1667
1538	221 2117
1547	154 1472
1592	194 1621
1619	372 2944
1655	311 3144
1709	136 873
1727	174 917
1736	176 1758
1763	292 3284
1772	209 1933
1781	173 1935
1808	314 2575
1826	104 835
1853	127 947
203	327 4568
2069	159 1624
2168	499 3353
2177	249 1739
2186	251 1393
2267	116 824
2276	248 1597
2375	300 2643
2393	125 982
2492	392 2729
2519	186 1277
2528	243 2297
2537	210 1619
2546	125 980
2555	117 1102
2573	275 1868
2654	176 1183
2663	212 1337
2708	180 1487
2726	135 779
2771	155 937
2843	255 1515
2852	139 1070
2861	183 1339
2870	162 1051
2915	260 1287
2933	130 644
2942	159 899
2951	113 763
3059	101 956
3086	192 1458
311	103 1466
3149	228 941
3185	202 1126
3194	286 2173
320	305 4927
3338	164 853
3635	264 1208
3644	111 605
3662	136 753
3761	109 557
3806	107 863
3923	115 510
401	124 1682
4067	111 518
4157	109 482
4166	139 702
4256	116 532
4265	123 662
4445	122 479
4472	183 817
4580	125 603
4643	179 686
4661	108 469
4832	141 773
4841	122 435
4913	181 460
4940	229 1034
500	202 2888
5048	133 511
5408	114 547
5570	127 335
5651	190 724
6128	233 632
6173	100 346
6461	115 315
105	657 5698
1188	276 1552
123	1302 17342
1269	279 3094
1368	163 1846
1395	239 2182
141	211 2814
1476	237 2344
150	597 10240
1557	415 3797
15798	187 173
15879	128 87
1593	222 2307
1629	264 2558
1638	339 2818
1656	129 989
1755	136 1059
1773	203 2013
1791	188 1750
1818	226 2288
1854	158 1767
1872	572 4616
1890	140 1011
1962	149 1101
1971	139 1464
1980	130 1146
204	316 4615
2079	151 1382
2097	209 1672
213	304 3343
2169	145 1254
2187	374 3008
222	228 3358
2259	260 1743
2286	218 1733
2376	105 760
2394	224 1640
2493	178 1421
2538	110 785
2574	129 887
2592	120 802
2673	411 2766
2709	134 839
2763	264 1621
2808	137 1110
2817	112 554
2853	164 1266
2880	161 980
2907	186 1448
2916	117 814
3186	215 1363
3276	198 1182
3294	289 1669
330	118 1214
3447	134 846
3465	146 657
3483	137 928
3537	201 869
3546	151 934
3573	148 606
3663	131 779
3735	219 1153
3762	170 943
3951	105 563
402	221 2808
411	119 1202
420	600 6880
4374	126 662
4383	146 421
4392	113 408
4563	136 616
4761	117 598
501	319 2541
5328	157 756
5346	171 756
5931	129 464
8730	214 488
1198	660 6424
1297	129 1460
133	245 3779
1369	101 1038
1378	244 2987
1387	213 2551
1396	150 1719
1459	218 2072
1486	423 4155
151	232 2370
1576	123 1184
1585	450 4208
1594	244 1941
1675	129 1090
1693	524 4872
1738	116 1030
1747	127 1168
1765	148 1489
1783	600 3677
1819	251 2353
1837	192 1493
1846	112 1005
1855	135 1303
1909	122 960
1972	184 1654
1981	166 1638
1990	125 970
205	262 2658
2188	238 2080
2269	165 1337
232	366 6059
2395	117 1285
2449	117 688
2458	132 942
2476	186 1084
250	276 3695
2557	130 1226
2593	121 1002
2629	318 2370
2638	101 434
2665	111 968
2674	141 798
2692	134 1072
2728	231 1827
2746	230 1273
2764	126 864
2818	141 1080
2836	104 596
2854	159 1099
2962	107 836
331	194 3352
3349	115 705
340	643 8488
3664	143 875
3673	117 583
3682	100 686
3772	162 852
3808	219 1012
3844	100 579
412	284 3844
421	183 1946
4258	131 530
4267	136 672
4294	120 540
4339	243 899
4357	185 1045
4393	329 1719
4447	105 533
4546	161 888
4582	108 608
4744	182 766
4753	162 920
4771	173 710
4843	176 555
502	110 1312
511	283 2331
5158	104 323
5194	128 463
5248	272 809
610	346 4378
6508	137 452
7129	129 473
7336	108 300
9541	106 236
107	765 11964
116	266 4070
1379	283 2830
1397	103 1138
1478	103 1247
152	163 1621
1568	165 1201
1595	254 2074
161	1010 8995
1658	149 1599
170	3099 23527
1739	192 1647
1784	241 2558
1838	114 773
1847	109 1114
1874	163 1565
1964	225 2500
1973	371 3038
1991	306 1791
206	257 4180
215	320 4541
2297	161 925
2378	193 1206
242	911 7975
2468	343 1729
2477	133 592
2486	101 635
2495	324 1704
251	621 8080
260	691 7453
2639	149 683
2657	109 519
2747	107 885
2783	134 925
2792	309 2029
2837	131 768
2855	191 1205
2891	195 1075
2963	132 1048
2990	233 1630
314	204 3213
3278	112 766
332	116 1744
3368	117 744
341	396 5328
3458	147 824
3467	192 1350
3476	158 864
350	248 2900
3539	164 958
3638	201 1004
3683	240 1282
3719	115 542
3827	330 1682
3854	103 382
3926	132 922
413	1880 23668
422	150 2669
4358	150 794
440	235 3000
4556	147 513
4655	102 469
4718	121 451
4880	115 398
521	122 1734
5339	169 646
5465	133 632
5618	109 480
5708	120 577
5771	156 632
6095	112 373
611	280 3234
6266	157 569
6716	136 396
7472	117 373
108	234 3530
117	1026 16687
1479	472 3659
1488	111 913
1497	253 1777
153	111 981
1569	153 1541
1578	874 5994
1587	118 954
1596	161 1626
1659	459 3115
1677	468 4318
171	225 3269
1776	191 1450
1848	103 1093
1884	185 1667
1929	196 1396
1938	265 1688
1956	302 1954
207	186 3056
2199	597 4336
225	3257 34145
234	284 3032
2388	288 1810
243	202 2998
2469	204 1333
2496	102 639
2559	140 915
261	523 6399
2649	103 822
2667	104 902
270	1734 18118
2775	410 2758
2793	190 1183
2856	268 1662
2874	233 1515
2892	126 884
2919	167 952
2982	127 1078
2991	369 1379
3099	134 902
315	130 2052
3189	258 1519
3279	279 1363
3297	165 1303
342	319 4820
3486	117 683
351	420 3966
3693	154 824
3756	210 1529
3774	226 1138
3855	183 824
3873	100 751
405	879 12083
414	263 3950
423	288 3423
4269	128 755
4278	148 549
432	466 4950
4377	115 550
4386	186 871
441	609 7623
4548	167 590
4557	131 579
4764	126 726
504	298 1371
513	101 1249
5169	112 585
5178	173 654
522	974 11262
5358	205 780
5943	105 243
612	259 3885
621	185 2228
6447	106 287
6582	115 297
7068	150 348
711	210 1872
7176	117 326
720	126 1986
801	156 1658
810	111 913
127	200 3562
136	467 7229
1489	299 2337
1498	150 1151
1579	139 1192
1588	181 813
163	104 897
1678	222 1635
1696	196 2002
1768	143 1104
1786	264 2478
1795	124 1513
1867	467 3301
1939	300 2637
1966	257 1915
208	529 7601
226	112 2107
2299	160 1380
235	309 3416
2389	203 1868
244	272 3649
2569	149 1332
2596	280 2359
262	317 3878
271	2094 20550
2749	301 1360
2767	159 1006
2776	106 943
2785	141 1113
280	110 1491
2893	124 713
2965	285 2097
2983	231 1330
325	193 2284
334	774 7329
3388	100 708
3487	140 790
352	438 5893
3577	151 1011
3676	161 973
370	375 2698
3793	136 715
3964	324 1416
3973	169 720
406	228 2794
415	412 6007
424	352 4081
4297	145 605
433	321 3817
442	218 3135
4486	147 565
451	117 2039
4567	102 561
460	166 1695
4891	213 1121
4945	275 996
4990	115 397
514	427 5284
541	157 2238
550	260 3318
5728	254 825
5782	215 843
604	1209 14166
622	317 3600
640	359 4823
703	806 8576
712	142 1629
730	369 5063
7429	101 191
7744	108 288
8068	293 944
811	118 895
820	125 1396
8590	115 276
910	519 5216
9823	107 211
128	276 4624
155	546 6776
1598	191 2220
164	330 5588
1679	147 1271
1688	120 1031
1697	195 1670
1796	207 2284
1859	391 3124
1868	116 1345
1877	157 1194
1958	143 1166
1976	281 2256
1994	240 2261
209	611 6343
227	307 1919
236	176 1853
2399	481 3134
2588	116 856
2669	185 1242
272	650 7696
2786	140 985
281	453 3795
2876	170 1255
2894	334 2185
290	117 1654
2966	134 1071
308	263 4181
317	127 1270
344	262 3209
3569	137 711
3596	125 663
3659	106 376
3668	286 1805
371	782 4799
3776	140 873
3857	135 667
3884	161 827
407	693 9298
416	105 1179
425	606 7739
434	207 2348
4595	103 534
4685	270 1002
4883	521 2489
4973	121 682
533	1487 15962
560	227 3413
5729	289 878
614	123 1961
623	525 6831
6359	110 478
641	109 1236
6485	109 349
650	228 2945
704	526 6383
713	207 1923
731	193 2796
740	1181 8339
7646	174 462
803	106 1186
812	821 7418
821	116 1082
830	428 5352
9095	153 397
911	237 2983
9617	202 592
9662	108 218
129	187 2924
147	1779 23525
156	830 8907
165	274 4783
1698	327 2269
1878	108 1091
1896	175 1852
192	163 2332
1986	614 4441
228	181 3111
237	3032 33227
246	405 4685
255	1474 17517
2598	146 1096
264	895 9547
2769	159 931
2787	100 631
282	233 3589
291	117 1027
2958	904 4752
2967	169 1276
2976	115 867
2994	124 814
309	309 5325
345	490 7059
363	109 1473
3696	121 747
3759	312 1729
3858	104 567
3867	143 698
390	376 3197
3966	221 729
408	479 5783
426	508 7169
435	136 1472
4389	164 600
444	173 2551
4488	124 533
4974	118 602
516	129 1780
525	225 3074
5289	176 780
534	316 3652
543	295 3631
552	259 3263
561	116 1753
570	792 8722
606	239 2624
615	274 4511
6387	114 290
651	247 2599
660	224 2285
705	127 1308
714	129 1141
723	119 1346
741	100 1291
750	161 1725
813	191 2083
831	454 5527
840	391 2785
8691	369 754
903	376 2847
921	322 3761
930	123 1291
9555	421 728
9843	224 727
10	712 10370
10132	145 297
10420	275 860
10510	135 385
13300	136 206
166	300 5026
175	970 9582
1789	214 2036
184	182 3057
1897	252 2128
193	204 2680
1987	482 3969
1996	227 1778
229	820 11898
256	250 1950
2599	223 1184
265	166 2302
274	195 2142
2788	215 1543
2878	148 999
2968	123 847
2977	110 832
319	435 6879
328	162 1926
337	224 3558
346	335 4450
3499	133 713
364	174 2177
382	210 2454
3877	116 813
409	110 1555
418	481 6077
445	174 2216
454	147 1518
4588	108 369
481	102 886
490	445 6236
4975	216 746
526	107 1360
535	718 10568
544	851 9660
5569	102 367
5596	123 373
571	513 6877
5767	212 728
643	336 4131
652	325 4279
6748	102 398
706	210 1993
715	382 4895
742	121 1645
751	328 4001
760	243 3132
805	274 3653
832	122 1595
913	543 5955
9169	111 154
922	141 714
931	123 1278
9547	109 191
11	711 13635
11114	121 169
11600	112 144
16010	1316 834
167	256 4417
176	404 7838
185	1376 18867
248	412 5917
266	139 1927
275	141 1528
284	138 1907
2879	481 3132
2987	431 2952
338	1274 15647
347	264 4219
365	442 4475
374	584 8064
3896	198 1013
392	239 3017
3977	109 482
446	112 1083
4589	108 385
464	695 9074
4859	180 831
4886	164 524
491	244 2196
4994	296 1137
518	133 1492
527	141 1475
536	262 3241
5489	145 519
554	119 1667
563	270 3672
572	179 1838
581	574 6227
5948	138 621
626	102 995
653	339 3373
662	286 2775
725	141 1581
734	366 3965
743	118 1476
770	166 1847
806	741 5664
815	131 1404
824	1210 11973
833	139 1597
842	412 2963
851	231 3106
905	147 1642
914	146 1185
932	262 2566
941	137 1396
10017	136 379
10125	106 147
10440	141 462
10611	215 282
12	409 6518
13032	324 375
13041	1051 1116
13122	121 157
13203	115 111
14040	112 107
159	130 2033
16011	669 92
168	293 4630
186	660 9275
1899	258 2088
195	337 5241
249	1160 15355
258	987 12439
267	584 7742
276	114 1286
285	268 3922
2988	264 2024
2997	273 1411
30	540 8293
348	138 2003
357	147 2302
384	437 4966
393	148 1744
438	1863 15115
447	231 2938
4698	405 1607
4779	299 1215
4896	137 560
492	259 3162
555	202 2712
573	192 2385
591	432 5631
5976	183 782
618	141 1907
636	185 2207
645	100 1049
6777	109 332
681	704 6151
690	149 1964
708	244 2460
753	261 2741
762	137 1388
7938	150 383
807	187 2240
816	107 1392
825	124 1310
861	205 1886
915	137 1320
924	252 2741
942	163 2071
960	102 994
10423	195 433
10441	166 478
10513	259 742
10540	114 247
13060	203 243
13141	102 111
169	276 3963
178	479 4760
22	200 3709
259	684 11555
286	1183 7309
2998	248 1476
31	920 13105
349	106 1206
3799	421 2426
3988	181 730
40	211 2507
448	125 1920
475	2167 23440
4897	107 334
493	221 2830
4969	135 494
4996	133 658
529	224 2461
547	428 4837
565	237 2736
583	222 2977
592	1227 13275
5968	198 859
637	148 1924
664	752 6269
673	263 3344
682	296 3931
691	146 1726
718	287 3412
727	383 4452
763	190 2470
7687	130 438
772	752 8309
781	182 2133
790	523 4037
7975	339 1076
808	482 5467
817	369 4879
826	144 1690
835	107 1050
862	105 924
880	222 2662
907	287 2773
916	543 6818
925	253 2386
943	132 1151
961	540 5642
10442	340 795
10451	302 782
10910	108 146
11270	125 270
11630	127 217
12503	141 153
13043	220 370
13052	109 94
14006	150 135
179	998 13153
197	191 2889
23	758 11599
269	701 8525
278	306 4344
32	15167 173649
368	179 1992
386	111 1452
395	122 1478
41	14945 172739
449	690 7976
458	151 2114
467	175 2634
476	102 835
485	202 2525
50	249 3738
539	112 1868
548	1137 13339
566	203 2460
584	189 2438
593	194 2051
647	258 1215
683	174 2257
719	120 1390
728	116 1677
755	200 2067
764	280 2816
7895	163 483
791	175 2213
809	626 7136
845	141 1505
854	151 1573
8867	267 793
926	240 2917
944	140 1443
980	108 1275
10074	230 476
10128	179 592
10425	136 374
10470	121 374
10515	882 2472
10533	114 387
10542	107 235
10551	285 653
10605	270 538
10821	124 234
12036	143 255
13017	129 167
13062	107 145
13413	108 96
15	345 6351
15033	155 89
189	259 3325
198	111 1793
279	633 7638
288	147 1956
297	525 6624
369	103 1380
387	129 1473
396	674 8272
42	101 764
459	104 1158
468	105 1165
486	231 3370
4899	287 802
495	124 1177
51	195 2513
549	843 11000
558	212 3051
567	146 1919
576	255 3579
585	110 1580
594	104 1067
60	1489 19353
639	216 2317
675	601 7238
684	277 3386
729	146 2210
738	116 1057
783	965 11548
792	129 1613
828	199 2256
837	257 3085
846	595 4785
855	519 4124
8679	109 425
8985	414 846
909	161 1230
918	123 1376
927	301 3958
9579	291 512
963	152 1628
9669	225 604
981	187 2297
1000	423 4821
10129	122 305
10444	473 1052
10453	156 362
10480	113 445
10525	338 750
10543	111 224
10606	110 282
10651	157 366
10804	120 232
10831	145 354
11254	202 281
11560	170 292
16	124 1786
199	223 3455
289	181 2684
379	677 8186
388	248 3332
397	307 4600
43	219 3114
478	133 1190
52	501 7272
577	112 1456
595	119 1423
61	141 2107
649	857 10039
685	112 1684
694	412 3522
739	213 2052
757	260 2975
766	797 8829
793	494 5104
829	352 4661
838	127 1508
856	494 4824
865	632 7216
8698	109 287
874	189 2227
892	164 1794
919	145 1732
973	189 2530
982	112 1463
991	164 2256
1001	287 3188
1010	266 3040
10184	140 336
10481	180 530
10490	382 1100
10526	135 288
10571	110 210
11039	162 298
11129	126 195
11318	103 197
11615	106 182
11840	213 301
12308	119 171
13109	107 170
13190	106 148
13334	330 369
16430	426 378
26	143 2596
389	831 7190
398	515 6871
44	196 3421
479	926 11178
488	720 10003
497	346 3045
53	509 8230
569	121 1594
587	261 3692
596	211 1671
62	543 7211
659	118 1442
677	1110 11679
695	193 1473
6998	100 257
71	143 1541
749	261 2590
767	248 2398
785	369 2261
80	464 7364
848	170 2054
857	106 1425
875	113 1141
8978	606 1178
938	290 2928
947	591 6470
956	911 8569
974	160 1529
983	152 1714
9887	119 348
1020	465 5162
10419	154 415
10446	618 1568
10491	418 949
10653	418 877
10815	116 244
10860	121 332
1101	140 1646
12921	166 269
13056	192 294
13182	230 262
13443	396 429
13524	122 151
15036	121 78
16431	351 28
18	860 13793
27	157 2207
36	2936 31152
399	235 3914
45	911 9460
489	259 3575
597	251 2421
687	108 1662
696	156 1805
759	235 3187
768	354 2323
795	251 3189
849	234 2872
885	576 5893
939	209 2049
966	187 2820
975	110 977
984	334 3804
993	344 4035
1003	387 3956
1012	230 2659
1021	112 1016
1030	127 1080
10447	130 248
10474	203 515
10546	131 235
10555	160 322
10573	148 362
10681	109 237
1120	162 1633
1210	115 1130
12508	138 228
13174	325 457
13318	155 121
19	1005 15931
2002	214 1986
2011	219 1853
2101	100 752
2110	149 777
37	1074 11086
4000	123 575
499	118 1208
55	704 4892
589	1119 11385
64	192 2961
697	300 3707
769	329 1138
82	287 4204
859	112 1370
877	175 1878
91	152 2786
958	171 1265
967	122 1410
976	817 9536
985	109 1317
994	114 1384
1004	1102 10662
1013	260 3732
1031	135 1379
10448	265 730
10484	104 297
10493	196 630
10943	311 681
1103	407 4569
1121	425 3804
1130	167 1771
12473	268 400
12491	170 225
12923	106 150
12932	110 133
13049	186 240
13328	101 134
14804	155 37
16217	1166 251
2012	151 1399
2030	103 997
2111	109 953
2201	153 1192
2210	176 1179
2300	118 1000
3002	103 866
3101	137 679
38	15596 159753
47	444 4420
56	535 5277
599	235 2506
65	4472 62682
698	185 2345
779	133 1767
788	136 1293
83	198 1728
878	570 7450
887	235 2247
896	225 2520
959	148 1564
968	197 2226
986	173 2308
0	177 3444
1014	261 3552
1023	201 2452
10656	415 750
10674	115 225
10818	228 492
10908	121 192
1104	247 2374
1113	448 4466
11718	141 244
12933	342 490
12951	403 516
1311	145 1397
1320	109 974
13464	135 61
1410	138 1295
14634	189 143
15345	244 265
16155	155 147
2004	192 1170
2103	237 2123
2130	105 864
2202	177 1631
2310	132 1047
3012	263 1581
3021	215 1378
3102	252 1337
39	50675 496130
48	42135 432011
5001	107 496
66	319 5647
699	152 1474
75	324 4910
789	648 7560
798	503 6528
879	120 1478
978	371 4468
987	255 3331
1	266 3635
1015	149 1907
1024	123 1504
1060	210 2083
10648	108 186
1105	141 1420
1123	148 1450
11296	101 207
11692	114 236
12925	1467 1945
12943	417 568
12952	159 202
1312	105 1170
14248	100 71
14347	101 111
15832	1143 169
1600	801 6556
2113	226 1654
2122	167 1526
2212	261 1951
3202	193 1304
4030	109 470
4111	186 933
4201	219 1135
49	1120 13887
58	165 2325
67	189 2452
76	869 14461
799	125 1678
85	194 2902
94	516 8960
979	439 4536
1016	212 2270
1025	218 2701
1034	310 1168
1043	551 5618
10469	103 166
1052	401 3578
10568	253 594
1115	192 2211
1124	148 1791
11468	101 173
1160	247 2416
11747	216 413
1214	391 2802
1232	272 2881
1250	118 1078
12935	390 370
1313	392 3311
13556	181 389
1430	188 1679
14933	479 672
1520	109 1043
1700	121 743
2	549 7401
2015	376 3159
2033	134 932
2051	461 3481
2060	123 772
2150	200 1162
2240	193 1619
2402	162 797
2420	260 1843
2501	111 978
3005	205 574
3221	231 1686
3311	241 1358
3320	105 713
3410	148 1011
4112	118 621
4220	124 563
4310	175 1029
59	197 3265
68	215 3015
77	250 4229
899	157 2094
95	271 3741
989	302 3383
1008	156 1335
1026	256 1862
1035	157 1758
1053	134 1610
1062	433 4209
1071	232 2644
1080	295 3513
1107	131 1242
11397	126 223
1143	253 1891
1161	214 1939
1215	174 1576
1233	210 2415
12693	141 245
12981	303 272
13089	151 178
1332	243 2739
1404	446 4105
1422	120 1187
1440	134 1110
1503	160 1356
1530	101 763
15618	614 373
1602	270 2845
1611	147 1511
1701	102 929
2034	136 1207
2043	119 1096
2052	230 1536
2061	129 925
2115	375 3423
2151	109 877
2214	146 1289
2223	122 1006
2241	420 3732
2250	106 780
2430	117 994
3006	224 1433
3132	100 692
3240	180 985
3312	178 1131
3321	244 1524
3330	101 820
3402	177 988
3411	116 604
3420	164 1002
3501	101 533
3510	352 2093
4032	148 824
4113	177 862
4221	178 651
6120	116 416
69	246 4144
78	1060 12857
96	334 4849
1027	346 3645
1045	107 936
10498	130 335
1054	159 1147
10579	132 283
1063	202 1683
1072	232 2431
1081	337 3189
1090	143 1626
10939	217 476
1126	425 4343
1135	667 5903
1144	599 6272
1153	107 1076
11794	196 362
1180	167 1535
12946	535 784
12973	145 222
12982	325 428
1315	192 1968
13189	438 359
1333	311 2725
1342	212 2214
1360	337 3455
14098	1291 1242
14386	301 34
14872	102 11
14953	142 222
1513	422 3603
1540	116 996
1603	184 1646
1612	172 1318
1702	152 1272
2026	171 1377
2053	271 2573
2080	481 3648
2170	111 600
2215	327 3226
2233	120 593
2242	138 1255
2350	244 1830
2413	215 1843
2431	129 979
2440	296 2263
2521	120 902
2800	181 1267
3034	145 953
3106	128 677
3151	262 1864
3160	259 1479
3214	145 907
3313	120 712
3412	209 1464
3502	381 2251
4105	209 1064
4123	110 509
4141	142 613
79	1600 16961
88	155 2764
9001	230 492
9010	115 270
1046	365 3077
10499	121 236
1055	191 2137
10598	171 527
1073	105 1147
1082	379 5109
1145	149 1370
1163	256 2629
1172	295 3441
1244	131 1116
12677	235 390
1280	283 2592
12929	742 1258
12938	101 191
1307	115 935
1316	132 1112
1343	214 1947
1352	142 1453
1361	400 3110
14099	409 360
1415	151 1094
1433	194 1629
1604	105 1047
1613	154 1339
1640	183 1248
1811	191 1688
1901	107 1163
1910	122 968
2054	297 2556
2117	208 1750
2126	107 674
2135	461 3955
2171	117 1234
2180	119 664
2225	257 1221
2243	108 827
2351	207 795
2441	250 1684
2513	146 1171
2612	133 1174
2621	208 1380
2630	136 1196
2702	134 1021
2720	171 1095
2810	184 1084
2900	156 982
3035	126 830
3161	182 1203
3314	168 1260
3323	120 587
3404	243 1682
3431	102 768
3521	156 879
4007	102 289
4061	139 749
4070	278 1526
4124	105 423
4214	124 505
4340	165 777
4412	115 521
4502	108 584
5	295 5961
5051	363 1490
5060	104 499
5150	102 484
5510	117 461
89	3837 47780
98	232 4301
1056	121 1574
1083	118 1503
1128	101 1004
1146	1426 10277
1173	116 737
1191	122 1240
1209	324 3187
1227	154 1539
1281	298 3558
1290	178 1659
12984	117 102
1308	343 3027
1344	753 5938
1353	138 1170
1362	132 1070
1371	123 1124
1380	209 2212
1425	341 3053
1704	450 3796
1821	201 1886
1911	113 902
1920	126 1270
2046	625 4107
2064	188 1036
2091	332 2318
2118	525 3664
2127	131 970
2154	149 1345
2208	399 3177
2235	122 990
2271	111 855
2325	339 2793
2343	425 3440
2352	117 1088
2370	266 1862
2406	252 1178
2424	172 1439
2505	433 3063
2514	173 1343
2523	426 2955
2550	133 841
2631	114 672
2712	118 606
2721	165 1239
2802	111 787
2820	169 1035
2910	101 427
3171	163 1260
3270	950 5825
3315	274 1578
3324	198 770
3333	114 643
3405	148 972
3504	195 923
4017	123 627
4026	136 613
4080	166 709
4143	178 1286
4170	236 1171
4251	189 815
4305	132 543
5124	272 952
5151	106 526
5160	134 633
5502	123 543
6	151 2947
6024	100 271
8031	118 205
1048	131 1338
1066	411 4004
1138	105 903
1165	149 1558
1183	265 3068
1192	193 1579
1219	159 1711
1228	118 847
1237	117 1279
1246	155 1384
1264	139 1479
1282	289 3154
1291	277 2334
1309	144 1642
1318	249 2545
1327	1786 11232
1345	226 1617
1354	167 1023
1372	253 2827
1390	193 1741
1408	196 1928
1417	536 4891
1426	134 1084
1435	765 7632
1444	339 3462
1543	419 4171
1561	137 1207
1570	140 1548
1615	180 957
1624	148 1355
1642	195 1660
1714	507 3624
1741	275 1752
1804	251 2578
1822	119 1131
1831	260 1151
1903	266 2393
1930	379 2960
2056	419 2805
2065	345 2630
2119	136 1016
2164	293 2092
2182	170 1187
2191	316 2322
2236	108 855
2245	119 972
2254	347 1959
2263	202 1680
2281	123 1133
2326	152 1019
2335	126 1041
2344	280 1784
2353	383 2460
2380	104 722
2425	300 2623
2506	213 1598
2515	388 2845
2524	310 2365
2623	148 1076
2812	181 1153
2830	160 1111
2902	114 794
3019	112 570
3028	125 746
3055	214 1291
3136	132 774
3253	115 480
3271	173 1135
3307	125 1033
3316	300 1574
3343	183 954
3361	409 2316
3370	122 722
3451	256 1441
3505	129 391
3541	106 515
4144	192 759
4162	102 436
4207	303 1640
4270	162 722
4342	182 731
4360	184 958
4513	110 539
4630	234 1208
4720	222 781
4801	156 574
5080	122 583
5152	297 874
5323	178 574
6403	178 658
7	100 1472
101	2237 32590
1067	584 5935
1085	235 2902
1094	147 1530
110	2794 18531
1139	134 1470
1166	179 1564
1184	181 1528
12959	476 734
1319	141 1234
1355	512 3088
1481	409 3618
1517	192 2034
15578	328 279
1562	374 3631
15659	118 86
1616	270 2544
1634	108 928
1652	228 1912
1661	132 1155
1670	160 1327
1715	590 5412
1805	178 1390
1814	688 5344
1841	147 1120
1922	160 1384
200	239 3235
2039	146 1062
2048	147 1309
2075	319 2454
2084	165 1623
2129	173 1525
2147	221 1692
2273	110 803
2327	164 1415
2363	138 1399
2390	105 758
2408	169 1702
2417	183 1329
2471	177 1033
2480	197 1494
2543	123 847
2552	371 2332
2561	251 1924
2624	161 1290
2633	339 2707
2651	119 916
2723	253 1467
2741	146 1056
2822	179 818
2831	138 854
2840	180 847
3047	205 1339
3065	102 777
3074	136 1006
3236	176 971
3272	168 919
3317	316 1528
3434	147 838
3533	117 719
3551	199 786
3722	109 598
4037	123 713
4055	105 506
4064	146 809
4127	189 998
4226	166 873
4307	258 1327
4316	237 1176
4424	172 957
4433	148 787
4640	154 836
4703	120 380
4811	100 399
5108	197 785
5315	131 417
5405	288 1142
5531	106 449
5603	116 369
6404	165 629
6602	199 720
7205	366 1306
8411	108 275
9203	122 241
102	155 2253
1095	127 1395
1158	428 4819
1185	332 3216
1239	569 6262
1257	383 3741
1275	219 2676
12996	165 196
1329	132 1338
1392	104 893
1428	190 1998
1455	130 1215
1473	135 928
1482	102 1020
1527	228 2341
1536	150 1247
1545	105 786
1590	293 1401
1752	110 1276
1815	229 2163
1824	102 899
1833	131 937
1842	296 2533
1905	178 1527
201	1133 17707
2049	135 1477
2058	185 1247
2166	109 765
2184	462 4112
2238	1715 10255
2283	141 1221
2337	119 919
2364	301 2605
2436	127 1338
2463	104 826
2481	115 750
2535	113 883
2544	118 918
2625	281 2262
2634	242 1836
2661	138 972
2706	229 1497
2715	136 953
2742	121 973
2760	149 937
2805	222 847
2814	145 1010
2931	113 495
3093	106 831
3174	136 818
3291	244 1457
3318	106 879
3336	150 783
3345	153 1050
3354	151 910
3435	102 473
3462	262 1608
3633	125 692
3642	158 762
3660	131 784
3714	129 812
3840	168 839
3903	162 810
3912	109 514
4056	133 568
4146	116 467
4164	135 576
4209	239 1189
4272	154 730
4344	261 875
4524	324 1621
4632	100 544
4650	337 1127
4731	143 963
4911	136 680
4920	133 528
5127	185 929
5712	135 544
5721	112 394
6630	194 724
9	1372 24957
9150	102 331
9501	430 954
9510	150 316
103	812 8020
1096	271 3074
1159	197 1810
1249	237 2970
1294	277 2934
1357	101 1155
1384	109 944
1393	1161 10548
1456	152 1505
1537	197 1301
1564	283 2673
1591	247 2473
1609	249 2730
1654	120 1091
1744	222 1783
1771	209 1849
1807	127 1164
1834	106 831
1870	150 1214
1915	137 1076
1924	158 1371
1951	175 1464
211	206 2235
2167	266 2178
220	230 2203
2239	199 1562
2284	508 3942
2329	488 3541
2383	569 3754
2437	571 3747
2464	293 2422
2527	147 1325
2554	210 1343
2617	117 710
2626	353 2979
2635	285 2190
2662	118 690
2671	109 842
2815	249 1890
2833	104 587
2842	194 1125
2851	118 778
301	1204 16315
3067	160 1001
310	2594 31978
3157	125 614
3292	230 1425
3319	214 1514
3409	102 627
3472	135 713
3535	204 973
3553	232 1237
3616	654 2729
3724	227 1221
3742	167 1090
3904	341 1189
4048	100 494
4057	147 916
4174	104 542
4237	102 329
4282	144 770
4336	589 2827
4363	104 541
4435	100 473
4444	130 622
4525	105 421
4552	170 773
4642	288 1005
4660	101 508
4804	103 449
4813	134 687
5074	294 1252
5164	140 428
5317	105 564
5344	102 369
5830	123 322
6082	147 603
6118	214 675
6136	121 359
6190	184 731
6343	134 537
7540	100 333
8620	106 202
9304	238 522
1269	1379 (128)
1269	1378 (120)
1269	1380 (107)
1818	1819 (145)
1818	3311 1819 (114)
1818	3311 (140)
1378	1379 (158)
1378	1380 (109)
1819	3311 (180)
107	549 (181)
107	1067 (171)
107	548 (147)
107	961 (140)
107	136 (111)
1379	1380 (112)
170	237 (154)
170	225 (129)
170	438 (103)
170	310 (101)
413	13041 (110)
117	976 (312)
225	2238 (405)
225	271 (395)
225	270 271 (140)
225	270 (295)
225	310 (165)
225	237 (154)
225	1146 (132)
225	806 (105)
270	271 (680)
270	2238 271 (105)
270	2238 (264)
405	10515 (294)
441	885 (139)
441	809 (126)
136	1067 (112)
271	2238 (282)
352	1859 (161)
5728	5729 (114)
910	956 (111)
164	165 (160)
164	166 (127)
164	684 (114)
164	167 (111)
308	1269 (150)
308	1379 (124)
308	309 (115)
147	179 (143)
147	413 (108)
165	684 (101)
237	310 (201)
237	475 (179)
237	249 (175)
237	1043 (117)
237	533 (112)
309	1379 (166)
309	1080 1379 (103)
309	1080 (159)
309	1378 1379 (117)
309	1378 (151)
309	1269 (149)
309	1380 (134)
10	39 (452)
10	48 39 (322)
10	48 (427)
10	41 39 (112)
10	41 48 (106)
10	41 (134)
10	38 (109)
10	32 (107)
166	684 (138)
166	682 (108)
175	806 (195)
175	1355 (177)
175	178 (151)
175	842 (143)
175	225 (142)
175	13041 (140)
175	2991 (116)
11	39 (472)
11	48 39 (346)
11	48 (463)
11	41 39 (166)
11	41 48 39 (127)
11	41 48 (148)
11	41 (197)
11	32 (132)
11	38 (126)
16010	16011 (651)
806	2991 (110)
12	48 (238)
12	39 48 (161)
12	39 (230)
249	1144 (189)
30	39 (344)
30	48 39 (218)
30	48 (298)
30	41 39 (100)
30	41 (128)
30	32 (105)
30	38 (100)
178	806 (102)
31	39 (538)
31	48 39 (336)
31	48 (493)
31	41 39 (162)
31	41 48 39 (105)
31	41 48 (134)
31	41 (207)
31	32 39 (125)
31	32 48 (109)
31	32 (185)
31	38 39 (118)
31	38 (165)
565	581 (109)
961	1067 (111)
179	301 (123)
23	39 (512)
23	48 39 (322)
23	48 (416)
23	41 39 (150)
23	41 48 (112)
23	41 (182)
23	32 (123)
23	38 (107)
32	39 (8455)
32	48 39 (5402)
32	48 (8034)
32	41 39 (2359)
32	41 48 39 (1646)
32	41 48 (2063)
32	41 (3196)
32	38 39 (1840)
32	38 48 39 (1236)
32	38 48 (1646)
32	38 41 39 (622)
32	38 41 48 39 (448)
32	38 41 48 (540)
32	38 41 (805)
32	38 (2833)
32	65 39 (512)
32	65 48 39 (357)
32	65 48 (492)
32	65 41 39 (172)
32	65 41 48 39 (122)
32	65 41 48 (152)
32	65 41 (221)
32	65 38 (128)
32	65 (774)
32	89 39 (532)
32	89 48 39 (451)
32	89 48 (573)
32	89 41 39 (163)
32	89 41 48 39 (139)
32	89 41 48 (156)
32	89 41 (187)
32	89 38 39 (124)
32	89 38 48 39 (106)
32	89 38 48 (125)
32	89 38 (148)
32	89 (713)
32	225 39 (466)
32	225 48 39 (298)
32	225 48 (366)
32	225 41 39 (178)
32	225 41 48 39 (117)
32	225 41 48 (126)
32	225 41 (207)
32	225 38 39 (117)
32	225 38 48 (107)
32	225 38 (163)
32	225 (655)
32	237 39 (349)
32	237 48 39 (256)
32	237 48 (363)
32	237 41 39 (101)
32	237 41 (141)
32	237 38 39 (108)
32	237 38 48 (101)
32	237 38 (144)
32	237 (568)
32	310 39 (382)
32	310 48 39 (307)
32	310 48 (391)
32	310 41 39 (161)
32	310 41 48 39 (133)
32	310 41 48 (149)
32	310 41 (186)
32	310 38 (102)
32	310 (541)
32	170 39 (332)
32	170 48 39 (215)
32	170 48 (308)
32	170 41 39 (122)
32	170 41 48 (105)
32	170 41 (158)
32	170 38 39 (326)
32	170 38 48 39 (213)
32	170 38 48 (305)
32	170 38 41 39 (119)
32	170 38 41 48 (103)
32	170 38 41 (155)
32	170 38 (532)
32	170 (540)
32	36 39 (324)
32	36 48 39 (196)
32	36 48 (262)
32	36 41 39 (106)
32	36 41 (133)
32	36 38 39 (308)
32	36 38 48 39 (191)
32	36 38 48 (254)
32	36 38 41 39 (102)
32	36 38 41 (128)
32	36 38 (472)
32	36 (494)
32	271 39 (310)
32	271 48 39 (188)
32	271 48 (256)
32	271 41 39 (118)
32	271 41 (151)
32	271 38 (101)
32	271 (470)
32	110 39 (286)
32	110 48 39 (202)
32	110 48 (267)
32	110 41 (124)
32	110 38 39 (284)
32	110 38 48 39 (201)
32	110 38 48 (264)
32	110 38 41 (123)
32	110 38 (443)
32	110 (449)
32	475 39 (313)
32	475 48 39 (234)
32	475 48 (308)
32	475 41 39 (119)
32	475 41 48 (111)
32	475 41 (143)
32	475 (447)
32	270 39 (276)
32	270 48 39 (193)
32	270 48 (265)
32	270 41 39 (101)
32	270 41 (140)
32	270 271 (146)
32	270 (437)
32	101 39 (270)
32	101 48 39 (182)
32	101 48 (256)
32	101 41 (114)
32	101 (412)
32	79 39 (244)
32	79 48 39 (174)
32	79 48 (231)
32	79 41 (127)
32	79 (384)
32	147 39 (249)
32	147 48 39 (163)
32	147 48 (223)
32	147 41 (120)
32	147 (359)
32	2238 39 (257)
32	2238 48 39 (158)
32	2238 48 (203)
32	2238 41 (114)
32	2238 (358)
32	438 39 (244)
32	438 48 39 (177)
32	438 48 (227)
32	438 (349)
32	1146 39 (216)
32	1146 48 39 (143)
32	1146 48 (211)
32	1146 41 (139)
32	1146 (340)
32	1046 39 (156)
32	1046 48 39 (110)
32	1046 48 (171)
32	1046 (339)
32	413 39 (217)
32	413 48 39 (156)
32	413 48 (216)
32	413 (326)
32	1327 39 (209)
32	1327 48 39 (142)
32	1327 48 (187)
32	1327 (323)
32	255 39 (230)
32	255 48 39 (189)
32	255 48 (243)
32	255 (321)
32	533 39 (182)
32	533 48 39 (126)
32	533 48 (179)
32	533 (300)
32	185 39 (183)
32	185 48 39 (128)
32	185 48 (184)
32	185 (289)
32	1004 39 (167)
32	1004 48 39 (109)
32	1004 48 (167)
32	1004 (285)
32	16010 39 (180)
32	16010 48 39 (136)
32	16010 48 (190)
32	16010 41 (111)
32	16010 (281)
32	548 39 (171)
32	548 48 39 (128)
32	548 48 (170)
32	548 (280)
32	301 39 (184)
32	301 48 39 (137)
32	301 48 (188)
32	301 (279)
32	677 39 (150)
32	677 48 39 (110)
32	677 48 (179)
32	677 (266)
32	60 39 (181)
32	60 48 39 (123)
32	60 48 (156)
32	60 (262)
32	824 39 (144)
32	824 48 (166)
32	824 (262)
32	592 39 (173)
32	592 48 39 (128)
32	592 48 (163)
32	592 (257)
32	123 39 (151)
32	123 48 39 (101)
32	123 48 (151)
32	123 (252)
32	78 39 (161)
32	78 48 39 (132)
32	78 48 (183)
32	78 (232)
32	12925 39 (132)
32	12925 48 (146)
32	12925 (232)
32	15832 39 (155)
32	15832 48 39 (106)
32	15832 48 (134)
32	15832 (231)
32	1393 39 (160)
32	1393 48 39 (115)
32	1393 48 (153)
32	1393 (231)
32	338 39 (145)
32	338 48 39 (114)
32	338 48 (163)
32	338 (229)
32	286 39 (144)
32	286 48 39 (101)
32	286 48 (128)
32	286 38 39 (143)
32	286 38 48 39 (100)
32	286 38 48 (127)
32	286 38 (222)
32	286 (229)
32	589 39 (147)
32	589 48 (136)
32	589 (228)
32	179 39 (162)
32	179 48 39 (117)
32	179 48 (160)
32	179 (228)
32	13041 39 (144)
32	13041 48 39 (104)
32	13041 48 (142)
32	13041 41 (101)
32	13041 (225)
32	604 39 (144)
32	604 48 39 (104)
32	604 48 (139)
32	604 (224)
32	14098 39 (149)
32	14098 48 39 (101)
32	14098 48 (141)
32	14098 (224)
32	249 39 (128)
32	249 48 (132)
32	249 (216)
32	956 39 (146)
32	956 48 39 (105)
32	956 48 (134)
32	956 (209)
32	49 39 (150)
32	49 48 39 (129)
32	49 48 (168)
32	49 (205)
32	16217 39 (122)
32	16217 48 (122)
32	16217 (204)
32	549 39 (120)
32	549 48 (130)
32	549 (198)
32	175 39 (120)
32	175 48 (107)
32	175 (198)
32	389 39 (132)
32	389 48 (114)
32	389 (197)
32	258 39 (137)
32	258 48 (126)
32	258 (194)
32	783 39 (138)
32	783 48 (119)
32	783 (194)
32	1135 39 (134)
32	1135 48 39 (120)
32	1135 48 (162)
32	1135 (193)
32	117 39 (125)
32	117 48 (140)
32	117 (193)
32	103 39 (109)
32	103 48 (101)
32	103 (191)
32	229 39 (119)
32	229 48 (134)
32	229 (190)
32	2958 39 (126)
32	2958 48 39 (120)
32	2958 48 (173)
32	2958 (189)
32	161 39 (107)
32	161 (188)
32	37 39 (137)
32	37 48 39 (101)
32	37 48 (122)
32	37 38 39 (137)
32	37 38 48 39 (101)
32	37 38 48 (122)
32	37 38 (185)
32	37 (186)
32	201 39 (120)
32	201 48 (120)
32	201 (184)
32	812 39 (101)
32	812 48 (117)
32	812 (182)
32	522 39 (115)
32	522 48 (113)
32	522 (180)
32	3270 39 (107)
32	3270 48 (116)
32	3270 (175)
32	1578 39 (124)
32	1578 48 (102)
32	1578 (174)
32	1344 39 (111)
32	1344 48 (114)
32	1344 (172)
32	12929 39 (113)
32	12929 48 (114)
32	12929 (171)
32	740 (167)
32	479 39 (104)
32	479 (167)
32	772 39 (101)
32	772 48 (105)
32	772 (166)
32	1600 39 (107)
32	1600 (166)
32	405 39 (117)
32	405 (165)
32	107 48 (103)
32	107 (163)
32	10515 39 (110)
32	10515 48 (102)
32	10515 (163)
32	789 39 (115)
32	789 48 (101)
32	789 (161)
32	3616 (157)
32	1715 (156)
32	488 48 (103)
32	488 (155)
32	264 39 (107)
32	264 48 (101)
32	264 (155)
32	76 39 (106)
32	76 48 (100)
32	76 (155)
32	449 (154)
32	570 39 (111)
32	570 48 (103)
32	570 (153)
32	186 39 (103)
32	186 48 (108)
32	186 (151)
32	47 39 (118)
32	47 48 (107)
32	47 38 39 (117)
32	47 38 48 (107)
32	47 38 (147)
32	47 (149)
32	544 (149)
32	1067 (148)
32	1198 (147)
32	156 39 (100)
32	156 (146)
32	16011 48 (104)
32	16011 16010 48 (100)
32	16011 16010 (142)
32	16011 (146)
32	269 39 (106)
32	269 (146)
32	649 (146)
32	1043 (145)
32	279 (143)
32	251 (143)
32	105 38 (136)
32	105 (142)
32	976 (142)
32	334 (141)
32	10446 (141)
32	664 (140)
32	865 (140)
32	1144 (139)
32	806 39 (101)
32	806 (138)
32	2199 (138)
32	8978 39 (102)
32	8978 (137)
32	910 (137)
32	1435 (136)
32	681 (134)
32	242 (134)
32	396 (134)
32	703 (133)
32	809 (132)
32	961 (131)
32	535 (130)
32	846 (130)
32	1814 (129)
32	766 (128)
32	15618 (128)
32	1872 (126)
32	407 (126)
32	2046 (125)
32	272 (125)
32	260 (124)
32	2437 (124)
32	464 (122)
32	371 38 (121)
32	371 (121)
32	340 (121)
32	56 38 (117)
32	56 (121)
32	790 38 (118)
32	790 (120)
32	4336 (119)
32	178 (119)
32	1987 (119)
32	675 (118)
32	2118 (118)
32	2383 (118)
32	591 (118)
32	352 (117)
32	2329 (116)
32	45 (116)
32	52 (115)
32	571 (115)
32	209 (115)
32	2879 (114)
32	267 (114)
32	259 (113)
32	581 (113)
32	94 (113)
32	1355 (112)
32	947 (111)
32	1404 (111)
32	379 (110)
32	1481 (110)
32	420 (110)
32	1986 (109)
32	913 (109)
32	1479 (107)
32	885 (107)
32	1585 (107)
32	136 (107)
32	425 (107)
32	62 (107)
32	398 (106)
32	151 (106)
32	14933 (105)
32	1239 (105)
32	2515 (105)
32	319 (104)
32	878 (104)
32	2168 (103)
32	856 (103)
32	1693 (103)
32	979 (102)
32	1783 (102)
32	261 (101)
32	374 (101)
32	53 (101)
32	297 (101)
32	16430 (101)
32	1020 (101)
32	1417 (101)
32	1859 (100)
32	441 (100)
32	1486 (100)
32	2343 (100)
32	208 (100)
41	48 (9018)
41	65 48 (663)
41	65 (995)
41	225 48 (537)
41	225 (877)
41	170 48 (492)
41	170 (805)
41	89 48 (606)
41	89 (732)
41	310 48 (547)
41	310 (719)
41	110 48 (423)
41	110 (677)
41	237 48 (375)
41	237 (597)
41	271 48 (346)
41	271 225 (115)
41	271 (584)
41	2238 48 (371)
41	2238 225 (117)
41	2238 (570)
41	475 48 (428)
41	475 (570)
41	270 48 (315)
41	270 271 48 (124)
41	270 271 (219)
41	270 (508)
41	1146 48 (313)
41	1146 (501)
41	79 48 (332)
41	79 (499)
41	101 48 (330)
41	101 (476)
41	16010 48 (315)
41	16010 (467)
41	1327 48 (307)
41	1327 (459)
41	147 48 (280)
41	147 (438)
41	16217 48 (287)
41	16217 (433)
41	438 48 (296)
41	438 (428)
41	15832 48 (260)
41	15832 (421)
41	413 48 (287)
41	413 (414)
41	13041 48 (264)
41	13041 (390)
41	533 48 (248)
41	533 (336)
41	255 48 (271)
41	255 (332)
41	824 48 (218)
41	824 (320)
41	592 48 (206)
41	592 (303)
41	185 48 (210)
41	185 (298)
41	175 48 (188)
41	175 (293)
41	8978 48 (196)
41	8978 16010 (101)
41	8978 (290)
41	604 48 (199)
41	604 (286)
41	286 48 (160)
41	286 (268)
41	60 48 (161)
41	60 (264)
41	117 48 (168)
41	117 (264)
41	1344 48 (166)
41	1344 (258)
41	249 48 (183)
41	249 (258)
41	338 48 (173)
41	338 (256)
41	301 48 (172)
41	301 (256)
41	258 48 (193)
41	258 (254)
41	201 48 (183)
41	201 (253)
41	16011 48 (165)
41	16011 16010 48 (159)
41	16011 16010 (236)
41	16011 (244)
41	548 48 (176)
41	548 (242)
41	123 48 (168)
41	123 (236)
41	677 48 (166)
41	677 (229)
41	956 48 (152)
41	956 (225)
41	179 48 (161)
41	179 (224)
41	49 48 (177)
41	49 (220)
41	589 48 (138)
41	589 (217)
41	2958 48 (201)
41	2958 (217)
41	76 48 (154)
41	76 (217)
41	1393 48 (151)
41	1393 (215)
41	3270 48 (160)
41	3270 (214)
41	1198 48 (150)
41	1198 (214)
41	522 48 (143)
41	522 (214)
41	208 48 (149)
41	208 (210)
41	161 48 (128)
41	161 (210)
41	740 48 (112)
41	740 (206)
41	3616 48 (129)
41	3616 (204)
41	790 48 (138)
41	790 (204)
41	570 48 (152)
41	570 (204)
41	264 48 (158)
41	264 (204)
41	479 48 (131)
41	479 (203)
41	78 48 (167)
41	78 (201)
41	783 48 (139)
41	783 (201)
41	1004 48 (130)
41	1004 (198)
41	544 48 (138)
41	544 (197)
41	649 48 (135)
41	649 (197)
41	1600 48 (121)
41	1600 (197)
41	549 48 (140)
41	549 (196)
41	464 48 (135)
41	464 (194)
41	789 48 (137)
41	789 (192)
41	389 48 (124)
41	389 (191)
41	229 48 (144)
41	229 (188)
41	1715 48 (127)
41	1715 (186)
41	976 48 (122)
41	976 (184)
41	396 48 (116)
41	396 (180)
41	846 48 (104)
41	846 (180)
41	15618 48 (120)
41	15618 (179)
41	806 48 (102)
41	806 (176)
41	107 48 (129)
41	107 (176)
41	55 48 (105)
41	55 (175)
41	766 48 (120)
41	766 (173)
41	535 48 (108)
41	535 (173)
41	45 48 (109)
41	45 (172)
41	10515 48 (125)
41	10515 (172)
41	103 48 (110)
41	103 (172)
41	371 48 (101)
41	371 (172)
41	352 48 (119)
41	352 (170)
41	14098 48 (128)
41	14098 (170)
41	1578 48 (118)
41	1578 (170)
41	340 48 (115)
41	340 (165)
41	1872 48 (111)
41	1872 (162)
41	156 48 (110)
41	156 (160)
41	855 48 (100)
41	855 (158)
41	405 48 (106)
41	405 (158)
41	812 48 (104)
41	812 (157)
41	374 48 (104)
41	374 (156)
41	1859 (156)
41	681 48 (103)
41	681 (156)
41	259 (154)
41	269 48 (110)
41	269 (154)
41	2437 48 (114)
41	2437 (154)
41	12925 48 (104)
41	12925 (154)
41	279 48 (100)
41	279 (154)
41	1135 48 (136)
41	1135 (154)
41	407 48 (116)
41	407 (153)
41	2168 (153)
41	1814 48 (113)
41	1814 (152)
41	623 48 (102)
41	623 (152)
41	105 48 (104)
41	105 (150)
41	449 (150)
41	1783 48 (106)
41	1783 (150)
41	1986 (148)
41	2199 48 (105)
41	2199 (147)
41	772 48 (102)
41	772 (147)
41	186 48 (114)
41	186 (145)
41	1067 48 (110)
41	1067 (145)
41	488 48 (102)
41	488 (145)
41	384 (144)
41	2184 48 (102)
41	2184 (144)
41	878 (144)
41	1435 48 (105)
41	1435 (143)
41	94 (143)
41	260 (140)
41	1355 (138)
41	1121 (138)
41	913 48 (101)
41	913 (137)
41	379 (136)
41	809 48 (100)
41	809 (134)
41	664 (134)
41	432 (134)
41	4336 (134)
41	10446 (133)
41	267 (133)
41	420 (132)
41	703 (132)
41	865 (131)
41	808 (131)
41	793 (131)
41	1659 48 (101)
41	1659 (129)
41	947 (129)
41	675 (129)
41	272 (129)
41	2046 (128)
41	297 (128)
41	53 (127)
41	961 (127)
41	251 (126)
41	916 (125)
41	3904 (124)
41	426 (124)
41	398 (124)
41	12929 (124)
41	1239 (122)
41	1987 (122)
41	334 (121)
41	1714 (121)
41	571 (121)
41	16430 (121)
41	261 (120)
41	910 (120)
41	2383 (120)
41	704 (120)
41	281 (120)
41	979 (120)
41	365 (120)
41	242 (119)
41	56 (119)
41	150 (119)
41	2673 (119)
41	2208 (118)
41	2284 (118)
41	5729 (118)
41	246 (117)
41	798 (117)
41	136 (117)
41	14933 (116)
41	1144 (116)
41	425 (116)
41	10444 (115)
41	2135 (114)
41	581 (113)
41	370 (112)
41	1557 (112)
41	1486 (111)
41	1543 (110)
41	885 (110)
41	2118 (110)
41	591 (110)
41	1417 (109)
41	52 (108)
41	2254 (107)
41	15578 (107)
41	1585 (107)
41	1043 (107)
41	319 (106)
41	16431 16430 (104)
41	16431 (105)
41	2552 (105)
41	1677 (103)
41	178 (103)
41	189 (103)
41	155 (103)
41	62 (102)
41	1113 (102)
41	2329 (102)
41	390 (102)
41	2056 (101)
41	176 (101)
41	3361 (101)
41	10490 (101)
41	80 (100)
41	514 (100)
548	549 (154)
548	1067 (108)
548	961 (104)
548	611 (101)
647	769 (150)
809	885 (119)
10515	10551 (106)
15	48 (210)
15	39 48 (148)
15	39 (208)
297	544 (141)
396	910 (115)
549	1067 (119)
549	961 (115)
60	65 (176)
60	89 (143)
60	310 (118)
60	604 (107)
43	48 (125)
10490	10525 (109)
16430	16431 (348)
44	48 (115)
8978	16010 (195)
8978	16011 16010 (101)
8978	16011 (104)
18	39 (540)
18	48 39 (330)
18	48 (465)
18	41 39 (157)
18	41 48 39 (115)
18	41 48 (138)
18	41 (198)
18	32 39 (126)
18	32 48 (117)
18	32 (184)
18	38 39 (104)
18	38 (130)
36	38 (2790)
36	39 38 (1945)
36	39 (2037)
36	48 38 (1360)
36	48 39 38 (1080)
36	48 39 (1116)
36	48 (1416)
36	41 38 (671)
36	41 39 38 (553)
36	41 39 (572)
36	41 48 38 (377)
36	41 48 39 38 (334)
36	41 48 39 (343)
36	41 48 (388)
36	41 (700)
36	170 38 (210)
36	170 39 38 (140)
36	170 39 (143)
36	170 48 38 (107)
36	170 48 (107)
36	170 (214)
36	110 38 (182)
36	110 39 38 (135)
36	110 39 (136)
36	110 (186)
36	237 38 (157)
36	237 39 38 (122)
36	237 39 (124)
36	237 (159)
36	89 38 (150)
36	89 39 38 (128)
36	89 39 (129)
36	89 48 38 (113)
36	89 48 (116)
36	89 (153)
36	65 38 (147)
36	65 39 38 (119)
36	65 39 (122)
36	65 (152)
36	225 38 (138)
36	225 39 38 (110)
36	225 39 (116)
36	225 (144)
45	48 (492)
795	1819 (167)
795	1818 1819 (116)
795	1818 (150)
795	3311 1819 (124)
795	3311 1818 (106)
795	3311 (147)
19	39 (592)
19	48 39 (402)
19	48 (591)
19	41 39 (144)
19	41 48 39 (113)
19	41 48 (139)
19	41 (202)
19	32 39 (104)
19	32 48 (112)
19	32 (180)
19	38 (141)
37	38 (1046)
37	39 38 (684)
37	39 (707)
37	48 38 (557)
37	48 39 38 (433)
37	48 39 (440)
37	48 (565)
37	41 38 (246)
37	41 39 38 (202)
37	41 39 (203)
37	41 48 39 38 (151)
37	41 48 39 (151)
37	41 48 38 (172)
37	41 48 (172)
37	41 (247)
589	1062 (107)
769	1034 (172)
38	39 (10345)
38	48 39 (6102)
38	48 (7944)
38	41 39 (3051)
38	41 48 39 (1991)
38	41 48 (2374)
38	41 (3897)
38	170 39 (2019)
38	170 48 39 (1193)
38	170 48 (1538)
38	170 41 39 (615)
38	170 41 48 39 (413)
38	170 41 48 (484)
38	170 41 (794)
38	170 (3031)
38	110 39 (1740)
38	110 48 39 (1031)
38	110 48 (1361)
38	110 41 39 (511)
38	110 41 48 39 (346)
38	110 41 48 (419)
38	110 41 (666)
38	110 170 39 (119)
38	110 170 (158)
38	110 (2725)
38	286 39 (728)
38	286 48 39 (458)
38	286 48 (581)
38	286 41 39 (203)
38	286 41 48 39 (131)
38	286 41 48 (157)
38	286 41 (259)
38	286 (1116)
38	371 39 (526)
38	371 48 39 (294)
38	371 48 (365)
38	371 41 39 (136)
38	371 41 48 (101)
38	371 41 (171)
38	371 (767)
38	89 39 (589)
38	89 48 39 (467)
38	89 48 (578)
38	89 41 39 (174)
38	89 41 48 39 (148)
38	89 41 48 (173)
38	89 41 (210)
38	89 170 39 (131)
38	89 170 48 39 (111)
38	89 170 48 (140)
38	89 170 (169)
38	89 110 (106)
38	89 (764)
38	237 39 (512)
38	237 48 39 (352)
38	237 48 (414)
38	237 41 39 (171)
38	237 41 48 39 (116)
38	237 41 48 (132)
38	237 41 (205)
38	237 170 39 (119)
38	237 170 48 (102)
38	237 170 (152)
38	237 (683)
38	225 39 (535)
38	225 48 39 (337)
38	225 48 (398)
38	225 41 39 (198)
38	225 41 48 39 (126)
38	225 41 48 (141)
38	225 41 (224)
38	225 170 (129)
38	225 110 (102)
38	225 (681)
38	55 39 (422)
38	55 48 39 (243)
38	55 48 (309)
38	55 41 39 (141)
38	55 41 48 (103)
38	55 41 (171)
38	55 (657)
38	65 39 (488)
38	65 48 39 (325)
38	65 48 (408)
38	65 41 39 (191)
38	65 41 48 39 (130)
38	65 41 48 (152)
38	65 41 (227)
38	65 170 (110)
38	65 (643)
38	105 39 (449)
38	105 48 39 (290)
38	105 48 (367)
38	105 41 39 (119)
38	105 41 48 (103)
38	105 41 (147)
38	105 (643)
38	56 39 (352)
38	56 48 39 (219)
38	56 48 (295)
38	56 41 (116)
38	56 (514)
38	790 39 (356)
38	790 48 39 (235)
38	790 48 (307)
38	790 41 39 (153)
38	790 41 48 39 (110)
38	790 41 48 (136)
38	790 41 (202)
38	790 (508)
38	310 39 (336)
38	310 48 39 (251)
38	310 48 (298)
38	310 41 39 (145)
38	310 41 48 39 (118)
38	310 41 48 (131)
38	310 41 (166)
38	310 170 (100)
38	310 (433)
38	47 39 (313)
38	47 48 39 (212)
38	47 48 (269)
38	47 (432)
38	281 39 (274)
38	281 48 39 (184)
38	281 48 (259)
38	281 41 (113)
38	281 (432)
38	2238 39 (308)
38	2238 48 39 (203)
38	2238 48 (247)
38	2238 41 39 (120)
38	2238 41 (143)
38	2238 (407)
38	475 39 (308)
38	475 48 39 (243)
38	475 48 (290)
38	475 41 39 (116)
38	475 41 48 (108)
38	475 41 (136)
38	475 (393)
38	271 39 (290)
38	271 48 39 (188)
38	271 48 (232)
38	271 (392)
38	270 39 (291)
38	270 48 39 (196)
38	270 48 (239)
38	270 41 (113)
38	270 271 39 (112)
38	270 271 (149)
38	270 (390)
38	438 39 (272)
38	438 48 39 (164)
38	438 48 (211)
38	438 170 (103)
38	438 (389)
38	840 39 (245)
38	840 48 39 (145)
38	840 48 (202)
38	840 (379)
38	370 39 (241)
38	370 48 39 (142)
38	370 48 (191)
38	370 41 (111)
38	370 (362)
38	390 39 (241)
38	390 48 39 (154)
38	390 48 (197)
38	390 (354)
38	1327 39 (274)
38	1327 48 39 (170)
38	1327 48 (198)
38	1327 41 39 (135)
38	1327 41 (150)
38	1327 (347)
38	101 39 (254)
38	101 48 39 (181)
38	101 48 (229)
38	101 41 39 (100)
38	101 41 (123)
38	101 (345)
38	3904 39 (268)
38	3904 48 39 (173)
38	3904 48 (193)
38	3904 41 39 (108)
38	3904 41 (120)
38	3904 (333)
38	147 39 (253)
38	147 48 39 (176)
38	147 48 (215)
38	147 41 (114)
38	147 (328)
38	79 39 (231)
38	79 48 39 (152)
38	79 48 (193)
38	79 41 (102)
38	79 (313)
38	1146 39 (239)
38	1146 48 39 (148)
38	1146 48 (181)
38	1146 41 (109)
38	1146 (306)
38	413 39 (221)
38	413 48 39 (170)
38	413 48 (213)
38	413 41 (100)
38	413 (297)
38	1529 39 (202)
38	1529 48 (125)
38	1529 (295)
38	12925 39 (230)
38	12925 48 39 (147)
38	12925 48 (175)
38	12925 (294)
38	1590 39 (193)
38	1590 48 (120)
38	1590 (281)
38	175 39 (166)
38	175 48 (120)
38	175 (272)
38	249 39 (207)
38	249 48 39 (149)
38	249 48 (167)
38	249 (269)
38	255 39 (216)
38	255 48 39 (170)
38	255 48 (198)
38	255 41 (102)
38	255 (267)
38	1188 39 (160)
38	1188 48 (125)
38	1188 (256)
38	1831 39 (156)
38	1831 48 (117)
38	1831 (252)
38	264 39 (177)
38	264 48 39 (121)
38	264 48 (157)
38	264 (251)
38	504 39 (170)
38	504 (245)
38	533 39 (178)
38	533 48 39 (143)
38	533 48 (170)
38	533 (235)
38	49 39 (172)
38	49 48 39 (139)
38	49 48 (176)
38	49 (224)
38	740 39 (158)
38	740 (221)
38	16010 39 (159)
38	16010 48 39 (108)
38	16010 48 (130)
38	16010 41 (116)
38	16010 (221)
38	78 39 (181)
38	78 48 39 (141)
38	78 48 (171)
38	78 (219)
38	161 39 (159)
38	161 48 (116)
38	161 (218)
38	185 39 (165)
38	185 48 39 (121)
38	185 48 (150)
38	185 (217)
38	806 39 (135)
38	806 48 (117)
38	806 (216)
38	2805 39 (144)
38	2805 48 (107)
38	2805 (212)
38	389 39 (146)
38	389 48 (119)
38	389 (211)
38	103 39 (141)
38	103 48 (116)
38	103 (207)
38	548 39 (143)
38	548 48 39 (113)
38	548 48 (141)
38	548 (206)
38	1393 39 (162)
38	1393 48 39 (113)
38	1393 48 (137)
38	1393 (203)
38	123 39 (128)
38	123 48 (129)
38	123 (201)
38	242 39 (137)
38	242 48 (100)
38	242 (200)
38	229 39 (146)
38	229 48 39 (116)
38	229 48 (144)
38	229 (196)
38	3005 39 (142)
38	3005 (195)
38	604 39 (155)
38	604 48 39 (105)
38	604 48 (127)
38	604 (195)
38	16217 39 (135)
38	16217 48 (116)
38	16217 41 (101)
38	16217 (193)
38	60 39 (154)
38	60 48 39 (105)
38	60 48 (125)
38	60 (193)
38	1344 39 (141)
38	1344 48 (108)
38	1344 (188)
38	2958 39 (145)
38	2958 48 39 (128)
38	2958 48 (163)
38	2958 (185)
38	592 39 (145)
38	592 48 39 (113)
38	592 48 (137)
38	592 (185)
38	338 39 (133)
38	338 48 39 (100)
38	338 48 (127)
38	338 (184)
38	13041 39 (132)
38	13041 48 (110)
38	13041 (183)
38	14098 39 (145)
38	14098 48 39 (102)
38	14098 48 (110)
38	14098 (181)
38	156 39 (139)
38	156 48 39 (102)
38	156 48 (116)
38	156 (178)
38	1004 39 (119)
38	1004 48 (103)
38	1004 (177)
38	3270 39 (129)
38	3270 48 39 (105)
38	3270 48 (129)
38	3270 (174)
38	677 39 (108)
38	677 48 (111)
38	677 (173)
38	664 39 (127)
38	664 (172)
38	824 39 (121)
38	824 48 (116)
38	824 (172)
38	589 39 (124)
38	589 (170)
38	1578 39 (124)
38	1578 (169)
38	45 39 (111)
38	45 (165)
38	179 39 (124)
38	179 48 (107)
38	179 (162)
38	1727 39 (105)
38	1727 (162)
38	258 39 (116)
38	258 48 (121)
38	258 (162)
38	956 39 (125)
38	956 48 (110)
38	956 (162)
38	15832 39 (117)
38	15832 (162)
38	260 39 (111)
38	260 (155)
38	783 39 (123)
38	783 48 (104)
38	783 (154)
38	267 39 (108)
38	267 48 (104)
38	267 (153)
38	649 39 (123)
38	649 48 (103)
38	649 (151)
38	1135 39 (111)
38	1135 48 (129)
38	1135 (150)
38	201 48 (105)
38	201 (147)
38	12929 39 (111)
38	12929 (147)
38	570 39 (121)
38	570 (145)
38	76 39 (107)
38	76 (144)
38	1986 39 (114)
38	1986 (142)
38	107 39 (108)
38	107 48 (105)
38	107 (141)
38	301 39 (104)
38	301 (140)
38	479 (139)
38	269 39 (108)
38	269 (139)
38	3616 39 (100)
38	3616 (135)
38	117 (132)
38	405 39 (100)
38	405 (131)
38	1814 39 (108)
38	1814 (130)
38	522 39 (102)
38	522 (129)
38	681 (127)
38	272 (126)
38	1355 (125)
38	178 (124)
38	340 (124)
38	8978 (123)
38	279 (122)
38	261 39 (103)
38	261 (121)
38	379 (120)
38	1600 (120)
38	2437 (120)
38	855 (119)
38	488 (119)
38	976 (118)
38	15618 (117)
38	351 (116)
38	251 (116)
38	1144 (115)
38	449 (114)
38	2383 (114)
38	396 (114)
38	10515 (114)
38	16011 16010 (111)
38	16011 (112)
38	2199 (112)
38	535 (112)
38	544 (112)
38	703 (112)
38	549 (111)
38	1479 (111)
38	2505 (110)
38	334 (110)
38	2523 (109)
38	407 (109)
38	772 (108)
38	1043 (108)
38	910 (106)
38	785 (106)
38	694 (106)
38	916 (105)
38	675 (104)
38	464 (104)
38	2284 (103)
38	846 (103)
38	766 (102)
38	441 (102)
38	14933 (101)
38	1435 (100)
47	48 (274)
65	89 (314)
65	101 (230)
65	310 (226)
65	237 (215)
65	225 (213)
65	413 (176)
65	271 (168)
65	475 (168)
65	201 (163)
65	147 (158)
65	301 (144)
65	1327 (137)
65	255 (132)
65	604 (126)
65	783 (124)
65	2238 (123)
65	589 (120)
65	338 (119)
65	824 (112)
65	170 (111)
65	479 (110)
65	10515 (108)
65	14098 (108)
65	533 (107)
65	407 (106)
65	249 (105)
65	592 (105)
65	12925 (102)
65	1393 (102)
65	438 (102)
65	117 (101)
65	464 (100)
65	79 (100)
0	39 (125)
3021	3055 (106)
39	48 (29142)
39	41 48 (7366)
39	41 (11414)
39	65 48 (1797)
39	65 41 48 (547)
39	65 41 (792)
39	65 (2787)
39	89 48 (2125)
39	89 41 48 (522)
39	89 41 (619)
39	89 65 48 (186)
39	89 65 (225)
39	89 (2749)
39	225 48 (1400)
39	225 41 48 (469)
39	225 41 (726)
39	225 65 48 (113)
39	225 65 (159)
39	225 89 48 (111)
39	225 89 (137)
39	225 (2351)
39	170 48 (1206)
39	170 41 48 (419)
39	170 41 (624)
39	170 89 48 (111)
39	170 89 (132)
39	170 (2059)
39	237 48 (1244)
39	237 41 48 (312)
39	237 41 (477)
39	237 89 48 (146)
39	237 89 (181)
39	237 65 48 (117)
39	237 65 (149)
39	237 170 (121)
39	237 225 (110)
39	237 (1929)
39	310 48 (1347)
39	310 41 48 (486)
39	310 41 (625)
39	310 89 48 (167)
39	310 89 (194)
39	310 65 48 (137)
39	310 65 (161)
39	310 225 48 (102)
39	310 225 (135)
39	310 237 (131)
39	310 (1852)
39	110 48 (1037)
39	110 41 48 (347)
39	110 41 (515)
39	110 170 (120)
39	110 (1759)
39	475 48 (1092)
39	475 41 48 (372)
39	475 41 (476)
39	475 65 (120)
39	475 89 48 (102)
39	475 89 (129)
39	475 237 (121)
39	475 (1500)
39	271 48 (827)
39	271 41 48 (272)
39	271 41 (451)
39	271 65 (106)
39	271 225 48 (183)
39	271 225 (309)
39	271 (1434)
39	101 48 (946)
39	101 41 48 (264)
39	101 41 (368)
39	101 65 (138)
39	101 89 48 (110)
39	101 89 (137)
39	101 310 (101)
39	101 (1400)
39	2238 48 (788)
39	2238 41 48 (322)
39	2238 41 (472)
39	2238 225 48 (196)
39	2238 225 41 (104)
39	2238 225 (317)
39	2238 271 48 (125)
39	2238 271 (221)
39	2238 (1287)
39	438 48 (780)
39	438 41 48 (265)
39	438 41 (365)
39	438 (1260)
39	270 48 (733)
39	270 41 48 (258)
39	270 41 (399)
39	270 225 48 (153)
39	270 225 (236)
39	270 271 48 (284)
39	270 271 41 48 (104)
39	270 271 41 (179)
39	270 271 225 (111)
39	270 271 (484)
39	270 2238 48 (120)
39	270 2238 (194)
39	270 (1194)
39	1327 48 (720)
39	1327 41 48 (260)
39	1327 41 (380)
39	1327 (1156)
39	147 48 (742)
39	147 41 48 (234)
39	147 41 (336)
39	147 65 (104)
39	147 (1137)
39	413 48 (781)
39	413 41 48 (228)
39	413 41 (318)
39	413 65 (106)
39	413 (1130)
39	79 48 (699)
39	79 41 48 (270)
39	79 41 (378)
39	79 225 (109)
39	79 (1111)
39	255 48 (813)
39	255 41 48 (230)
39	255 41 (274)
39	255 65 (101)
39	255 (1057)
39	60 48 (609)
39	60 41 48 (142)
39	60 41 (219)
39	60 65 (111)
39	60 89 (108)
39	60 (983)
39	1146 48 (623)
39	1146 41 48 (260)
39	1146 41 (391)
39	1146 225 (102)
39	1146 (983)
39	12925 48 (588)
39	12925 41 (132)
39	12925 (938)
39	533 48 (632)
39	533 41 48 (215)
39	533 41 (275)
39	533 (922)
39	16010 48 (529)
39	16010 41 48 (261)
39	16010 41 (368)
39	16010 (829)
39	185 48 (555)
39	185 41 48 (168)
39	185 41 (223)
39	185 (828)
39	14098 48 (540)
39	14098 41 48 (110)
39	14098 41 (139)
39	14098 (801)
39	1393 48 (507)
39	1393 41 48 (137)
39	1393 41 (180)
39	1393 (789)
39	604 48 (520)
39	604 41 48 (171)
39	604 41 (236)
39	604 (775)
39	78 48 (610)
39	78 41 48 (136)
39	78 41 (164)
39	78 (774)
39	49 48 (617)
39	49 41 48 (142)
39	49 41 (172)
39	49 (768)
39	740 48 (392)
39	740 41 (163)
39	740 (759)
39	249 48 (510)
39	249 41 48 (155)
39	249 41 (209)
39	249 237 (117)
39	249 (752)
39	286 48 (464)
39	286 41 48 (134)
39	286 41 (208)
39	286 (750)
39	338 48 (516)
39	338 41 48 (138)
39	338 41 (187)
39	338 (742)
39	16217 48 (463)
39	16217 41 48 (234)
39	16217 41 (335)
39	16217 (728)
39	123 48 (509)
39	123 41 48 (123)
39	123 41 (168)
39	123 (726)
39	592 48 (515)
39	592 41 48 (170)
39	592 41 (235)
39	592 (723)
39	15832 48 (436)
39	15832 41 48 (220)
39	15832 41 (322)
39	15832 (718)
39	301 48 (473)
39	301 41 48 (141)
39	301 41 (194)
39	301 (715)
39	589 48 (443)
39	589 41 48 (105)
39	589 41 (158)
39	589 (708)
39	824 48 (471)
39	824 41 48 (172)
39	824 41 (238)
39	824 (703)
39	13041 48 (444)
39	13041 41 48 (219)
39	13041 41 (311)
39	13041 (688)
39	201 48 (451)
39	201 41 48 (142)
39	201 41 (185)
39	201 65 (106)
39	201 (669)
39	548 48 (467)
39	548 41 48 (145)
39	548 41 (182)
39	548 (663)
39	2958 48 (570)
39	2958 41 48 (160)
39	2958 41 (169)
39	2958 (655)
39	179 48 (452)
39	179 41 48 (139)
39	179 41 (184)
39	179 (653)
39	522 48 (425)
39	522 41 48 (119)
39	522 41 (168)
39	522 (648)
39	783 48 (439)
39	783 41 48 (120)
39	783 41 (161)
39	783 (640)
39	677 48 (446)
39	677 41 48 (130)
39	677 41 (175)
39	677 (635)
39	175 48 (383)
39	175 41 48 (166)
39	175 41 (239)
39	175 225 (112)
39	175 13041 (107)
39	175 (631)
39	258 48 (452)
39	258 41 48 (163)
39	258 41 (205)
39	258 (628)
39	161 48 (356)
39	161 41 48 (104)
39	161 41 (168)
39	161 (622)
39	956 48 (405)
39	956 41 48 (123)
39	956 41 (170)
39	956 (600)
39	264 48 (403)
39	264 41 48 (134)
39	264 41 (167)
39	264 (599)
39	1004 48 (381)
39	1004 41 48 (101)
39	1004 41 (138)
39	1004 (583)
39	156 48 (377)
39	156 41 (125)
39	156 (582)
39	479 48 (358)
39	479 41 48 (102)
39	479 41 (154)
39	479 (580)
39	3270 48 (416)
39	3270 41 48 (126)
39	3270 41 (159)
39	3270 (576)
39	1578 48 (350)
39	1578 41 48 (104)
39	1578 41 (137)
39	1578 (576)
39	242 48 (300)
39	242 (564)
39	45 48 (361)
39	45 41 (131)
39	45 (559)
39	570 48 (404)
39	570 41 48 (137)
39	570 41 (173)
39	570 (558)
39	117 48 (378)
39	117 41 48 (134)
39	117 41 (189)
39	117 (554)
39	389 48 (323)
39	389 41 48 (109)
39	389 41 (155)
39	389 (544)
39	371 48 (295)
39	371 41 (137)
39	371 (532)
39	649 48 (350)
39	649 41 48 (110)
39	649 41 (145)
39	649 (531)
39	76 48 (345)
39	76 41 48 (121)
39	76 41 (172)
39	76 (529)
39	10515 48 (373)
39	10515 41 48 (102)
39	10515 41 (129)
39	10515 (528)
39	544 48 (348)
39	544 41 48 (117)
39	544 41 (158)
39	544 (524)
39	103 48 (321)
39	103 41 (130)
39	103 (512)
39	334 48 (333)
39	334 41 (105)
39	334 (506)
39	229 48 (382)
39	229 41 48 (121)
39	229 41 (149)
39	229 (503)
39	405 48 (340)
39	405 41 (122)
39	405 10515 48 (124)
39	405 10515 (178)
39	405 (500)
39	806 48 (302)
39	806 41 (136)
39	806 175 (128)
39	806 (493)
39	549 48 (355)
39	549 41 48 (116)
39	549 41 (151)
39	549 (492)
39	1344 48 (314)
39	1344 41 48 (146)
39	1344 41 (213)
39	1344 (485)
39	664 48 (296)
39	664 41 (105)
39	664 (481)
39	1600 48 (307)
39	1600 41 48 (102)
39	1600 41 (148)
39	1600 (474)
39	812 48 (310)
39	812 41 (120)
39	812 (471)
39	976 48 (325)
39	976 41 (137)
39	976 117 48 (106)
39	976 117 (161)
39	976 (471)
39	1814 48 (344)
39	1814 41 (111)
39	1814 (471)
39	12929 48 (320)
39	12929 (470)
39	766 48 (335)
39	766 41 48 (103)
39	766 41 (135)
39	766 (470)
39	1435 48 (307)
39	1435 41 (118)
39	1435 (459)
39	1135 48 (386)
39	1135 41 48 (113)
39	1135 41 (124)
39	1135 (458)
39	105 48 (291)
39	105 41 (120)
39	105 (455)
39	703 48 (302)
39	703 41 (105)
39	703 (453)
39	55 48 (251)
39	55 41 (145)
39	55 (452)
39	789 48 (327)
39	789 41 48 (124)
39	789 41 (158)
39	789 (447)
39	272 48 (283)
39	272 41 (111)
39	272 (446)
39	269 48 (310)
39	269 41 (115)
39	269 (441)
39	396 48 (278)
39	396 41 (134)
39	396 (436)
39	8978 48 (276)
39	8978 41 48 (172)
39	8978 41 (243)
39	8978 16010 48 (101)
39	8978 16010 (147)
39	8978 (433)
39	379 48 (253)
39	379 41 (104)
39	379 (429)
39	260 48 (271)
39	260 41 (114)
39	260 (428)
39	16011 48 (275)
39	16011 41 48 (136)
39	16011 41 (194)
39	16011 16010 48 (269)
39	16011 16010 41 48 (133)
39	16011 16010 41 (190)
39	16011 16010 (419)
39	16011 (427)
39	107 48 (322)
39	107 41 48 (111)
39	107 41 (140)
39	107 (426)
39	681 48 (275)
39	681 41 (120)
39	681 (422)
39	3616 48 (270)
39	3616 41 48 (105)
39	3616 41 (157)
39	3616 1146 48 (117)
39	3616 1146 (189)
39	3616 (419)
39	407 48 (304)
39	407 41 (118)
39	407 (418)
39	675 48 (291)
39	675 41 (105)
39	675 (414)
39	186 48 (305)
39	186 41 48 (100)
39	186 41 (118)
39	186 (413)
39	1986 48 (264)
39	1986 41 (124)
39	1986 (413)
39	464 48 (289)
39	464 41 48 (108)
39	464 41 (142)
39	464 (412)
39	1198 48 (277)
39	1198 41 48 (127)
39	1198 41 (170)
39	1198 (407)
39	267 48 (292)
39	267 41 (112)
39	267 (407)
39	772 48 (275)
39	772 41 (113)
39	772 (406)
39	809 48 (290)
39	809 41 (105)
39	809 (404)
39	279 48 (279)
39	279 41 (119)
39	279 (401)
39	535 48 (275)
39	535 41 (130)
39	535 (400)
39	340 48 (281)
39	340 41 (123)
39	340 (396)
39	425 48 (299)
39	425 (396)
39	441 48 (260)
39	441 (393)
39	488 48 (287)
39	488 41 (103)
39	488 (389)
39	865 48 (272)
39	865 (382)
39	2383 48 (270)
39	2383 (377)
39	374 48 (250)
39	374 41 (128)
39	374 (376)
39	259 48 (255)
39	259 41 (109)
39	259 (374)
39	1783 48 (240)
39	1783 41 (112)
39	1783 (372)
39	449 48 (239)
39	449 41 (109)
39	449 (372)
39	10446 48 (246)
39	10446 41 (108)
39	10446 (368)
39	581 48 (264)
39	581 (368)
39	56 48 (226)
39	56 (364)
39	790 48 (239)
39	790 41 48 (111)
39	790 41 (154)
39	790 (364)
39	150 48 (255)
39	150 (364)
39	297 48 (242)
39	297 41 (105)
39	297 (356)
39	1715 48 (235)
39	1715 41 48 (108)
39	1715 41 (149)
39	1715 (356)
39	885 48 (222)
39	885 (354)
39	15618 48 (222)
39	15618 41 48 (100)
39	15618 41 (133)
39	15618 (352)
39	53 48 (253)
39	53 41 (105)
39	53 (351)
39	916 48 (241)
39	916 41 (106)
39	916 (350)
39	1239 48 (239)
39	1239 (350)
39	261 48 (244)
39	261 41 (100)
39	261 (349)
39	2199 48 (266)
39	2199 41 (113)
39	2199 (349)
39	2284 48 (226)
39	2284 41 (109)
39	2284 (349)
39	251 48 (220)
39	251 41 (101)
39	251 (349)
39	155 48 (214)
39	155 (347)
39	1693 48 (232)
39	1693 (347)
39	4336 48 (230)
39	4336 41 (104)
39	4336 (345)
39	878 48 (231)
39	878 41 (114)
39	878 (344)
39	1144 48 (234)
39	1144 249 (111)
39	1144 (344)
39	1043 48 (229)
39	1043 (342)
39	420 48 (214)
39	420 (340)
39	12946 48 (212)
39	12946 (339)
39	913 48 (232)
39	913 41 (108)
39	913 (336)
39	426 48 (250)
39	426 41 (102)
39	426 (334)
39	2046 48 (217)
39	2046 41 (106)
39	2046 (333)
39	1067 48 (251)
39	1067 41 (117)
39	1067 (332)
39	979 48 (222)
39	979 41 (107)
39	979 (332)
39	1872 48 (213)
39	1872 41 (112)
39	1872 (331)
39	961 48 (240)
39	961 41 (104)
39	961 (331)
39	846 48 (197)
39	846 41 (144)
39	846 (328)
39	208 48 (222)
39	208 41 48 (124)
39	208 41 (165)
39	208 (326)
39	855 48 (228)
39	855 41 (117)
39	855 (325)
39	947 48 (207)
39	947 (324)
39	209 48 (207)
39	209 (323)
39	571 48 (240)
39	571 41 (101)
39	571 (322)
39	910 48 (222)
39	910 (322)
39	1417 48 (217)
39	1417 (321)
39	47 48 (216)
39	47 (320)
39	14933 48 (205)
39	14933 (320)
39	398 48 (224)
39	398 (320)
39	52 48 (239)
39	52 (320)
39	1714 48 (193)
39	1714 41 (101)
39	1714 (317)
39	2135 48 (228)
39	2135 (317)
39	80 48 (208)
39	80 (316)
39	623 48 (213)
39	623 41 (114)
39	623 (315)
39	831 48 (237)
39	831 (314)
39	4883 48 (200)
39	4883 (313)
39	1355 48 (194)
39	1355 41 (105)
39	1355 175 (108)
39	1355 (313)
39	178 48 (194)
39	178 175 (109)
39	178 (313)
39	793 48 (218)
39	793 (312)
39	2118 48 (232)
39	2118 (311)
39	1987 48 (217)
39	1987 (309)
39	2051 48 (222)
39	2051 (308)
39	2437 48 (215)
39	2437 41 (118)
39	2437 (308)
39	1659 48 (194)
39	1659 41 (105)
39	1659 (307)
39	136 48 (219)
39	136 (306)
39	1479 48 (197)
39	1479 (302)
39	2168 48 (205)
39	2168 41 (117)
39	2168 (301)
39	345 48 (212)
39	345 (300)
39	94 48 (209)
39	94 41 (114)
39	94 (300)
39	2505 48 (201)
39	2505 2284 (131)
39	2505 (297)
39	2184 48 (210)
39	2184 41 (111)
39	2184 (294)
39	418 48 (200)
39	418 (293)
39	10444 48 (221)
39	10444 (293)
39	2879 48 (199)
39	2879 (292)
39	1677 48 (211)
39	1677 (291)
39	856 48 (192)
39	856 (291)
39	2399 48 (194)
39	2399 (291)
39	798 48 (230)
39	798 (290)
39	1543 48 (189)
39	1543 41 (102)
39	1543 (290)
39	591 48 (210)
39	591 (289)
39	365 48 (197)
39	365 41 (106)
39	365 (288)
39	281 48 (193)
39	281 (288)
39	1704 48 (180)
39	1704 (287)
39	432 48 (190)
39	432 41 (114)
39	432 (286)
39	2241 48 (214)
39	2241 (285)
39	1020 48 (190)
39	1020 (284)
39	1513 48 (196)
39	1513 (284)
39	3799 48 (206)
39	3799 (284)
39	12951 48 (183)
39	12951 (283)
39	808 48 (181)
39	808 (283)
39	2080 48 (187)
39	2080 (281)
39	62 48 (198)
39	62 (281)
39	490 48 (193)
39	490 (279)
39	384 48 (175)
39	384 41 (112)
39	384 (279)
39	704 48 (191)
39	704 (279)
39	408 48 (198)
39	408 (278)
39	8985 48 (168)
39	8985 (276)
39	3904 48 (179)
39	3904 41 (112)
39	3904 (275)
39	9501 48 (170)
39	9501 (275)
39	248 48 (200)
39	248 (275)
39	1867 48 (187)
39	1867 (274)
39	1404 48 (202)
39	1404 (273)
39	978 48 (164)
39	978 (273)
39	1481 48 (188)
39	1481 (272)
39	514 48 (201)
39	514 (271)
39	319 48 (194)
39	319 (270)
39	2329 48 (214)
39	2329 (270)
39	1062 48 (168)
39	1062 (268)
39	694 48 (162)
39	694 (267)
39	12935 48 (214)
39	12935 (267)
39	13189 48 (173)
39	13189 (266)
39	903 48 (151)
39	903 (264)
39	4698 48 (187)
39	4698 (263)
39	842 48 (158)
39	842 (263)
39	12959 48 (149)
39	12959 (262)
39	1585 48 (191)
39	1585 (262)
39	1361 48 (149)
39	1361 (261)
39	246 48 (182)
39	246 (259)
39	8691 48 (213)
39	8691 (259)
39	390 48 (165)
39	390 (258)
39	1121 48 (168)
39	1121 41 (106)
39	1121 (257)
39	2056 48 (180)
39	2056 (257)
39	10491 48 (176)
39	10491 (257)
39	1486 48 (181)
39	1486 (256)
39	830 48 (196)
39	830 (256)
39	1257 48 (193)
39	1257 (256)
39	734 48 (229)
39	734 (255)
39	547 48 (171)
39	547 (254)
39	12943 48 (143)
39	12943 (253)
39	2353 48 (166)
39	2353 (253)
39	1003 48 (182)
39	1003 (252)
39	1619 48 (174)
39	1619 (252)
39	1557 48 (166)
39	1557 (252)
39	1103 48 (189)
39	1103 (252)
39	840 48 (147)
39	840 (251)
39	1313 48 (179)
39	1313 (250)
39	2775 48 (167)
39	2775 (249)
39	1113 48 (171)
39	1113 (248)
39	370 48 (145)
39	370 (248)
39	2523 48 (187)
39	2523 (247)
39	1126 48 (165)
39	1126 (246)
39	10653 48 (169)
39	10653 (246)
39	2673 48 (190)
39	2673 (246)
39	1000 48 (164)
39	1000 (245)
39	3502 48 (164)
39	3502 (244)
39	415 48 (179)
39	415 (243)
39	14099 48 (172)
39	14099 (242)
39	1158 48 (154)
39	1158 (242)
39	730 48 (167)
39	730 (241)
39	1277 48 (166)
39	1277 (241)
39	727 48 (184)
39	727 (241)
39	9555 48 (149)
39	9555 (240)
39	3827 48 (148)
39	3827 (239)
39	2987 48 (186)
39	2987 (238)
39	10490 48 (176)
39	10490 (237)
39	1066 48 (169)
39	1066 (236)
39	2208 48 (158)
39	2208 (235)
39	2065 48 (152)
39	2065 (235)
39	2343 48 (146)
39	2343 (233)
39	15578 48 (149)
39	15578 (233)
39	3361 48 (162)
39	3361 (231)
39	2991 48 (139)
39	2991 (230)
39	2015 48 (178)
39	2015 (230)
39	1214 48 (137)
39	1214 (230)
39	13443 48 (142)
39	13443 (229)
39	341 48 (160)
39	341 (228)
39	640 48 (169)
39	640 (227)
39	10656 48 (167)
39	10656 (227)
39	12933 48 (142)
39	12933 (227)
39	1930 48 (148)
39	1930 (226)
39	984 48 (159)
39	984 (226)
39	1991 (225)
39	2792 48 (175)
39	2792 (225)
39	3964 48 (160)
39	3964 (225)
39	3510 48 (148)
39	3510 (225)
39	96 48 (145)
39	96 (224)
39	352 48 (151)
39	352 41 (124)
39	352 (224)
39	2388 48 (149)
39	2388 (223)
39	1638 48 (164)
39	1638 (223)
39	1529 48 (108)
39	1529 (223)
39	785 48 (140)
39	785 (222)
39	2187 48 (158)
39	2187 (221)
39	16430 48 (124)
39	16430 (221)
39	1027 48 (165)
39	1027 (221)
39	1209 48 (162)
39	1209 (220)
39	75 48 (160)
39	75 (220)
39	351 48 (129)
39	351 (220)
39	3759 48 (159)
39	3759 (219)
39	1859 48 (134)
39	1859 41 (113)
39	1859 (218)
39	715 48 (167)
39	715 (217)
39	195 48 (134)
39	195 (217)
39	2492 48 (141)
39	2492 (217)
39	5051 48 (150)
39	5051 (216)
39	213 48 (123)
39	213 (216)
39	2254 48 (151)
39	2254 (216)
39	5729 48 (155)
39	5729 2238 (107)
39	5729 (216)
39	215 48 (158)
39	215 (215)
39	534 48 (147)
39	534 (215)
39	829 48 (148)
39	829 (214)
39	2468 48 (123)
39	2468 (213)
39	2115 48 (168)
39	2115 (213)
39	309 48 (123)
39	309 (211)
39	2075 48 (137)
39	2075 (210)
39	1842 48 (146)
39	1842 (210)
39	1081 48 (142)
39	1081 (210)
39	597 48 (136)
39	597 (209)
39	7205 48 (137)
39	7205 (209)
39	168 48 (152)
39	168 (208)
39	2325 48 (147)
39	2325 (208)
39	643 48 (150)
39	643 (208)
39	1786 48 (150)
39	1786 (206)
39	10525 48 (153)
39	10525 (206)
39	1052 48 (152)
39	1052 (206)
39	1444 48 (142)
39	1444 (206)
39	2552 48 (148)
39	2552 (205)
39	652 48 (127)
39	652 (205)
39	346 48 (146)
39	346 (205)
39	1185 48 (144)
39	1185 (205)
39	2091 48 (141)
39	2091 (205)
39	1360 48 (124)
39	1360 (204)
39	176 48 (144)
39	176 (204)
39	4899 48 (120)
39	4899 (203)
39	8068 48 (132)
39	8068 (202)
39	1425 48 (122)
39	1425 (202)
39	10442 48 (150)
39	10442 (202)
39	424 48 (151)
39	424 (201)
39	697 48 (132)
39	697 (200)
39	232 48 (131)
39	232 (200)
39	497 48 (127)
39	497 (200)
39	2626 48 (150)
39	2626 (199)
39	203 48 (146)
39	203 (199)
39	320 48 (139)
39	320 (199)
39	2440 48 (143)
39	2440 (199)
39	1590 (199)
39	3294 48 (131)
39	3294 (198)
39	397 48 (156)
39	397 (198)
39	989 48 (139)
39	989 (198)
39	2629 48 (149)
39	2629 (198)
39	13174 48 (121)
39	13174 (197)
39	433 48 (130)
39	433 (197)
39	993 48 (140)
39	993 (197)
39	235 48 (143)
39	235 (197)
39	2515 48 (133)
39	2515 (197)
39	504 (196)
39	1379 48 (116)
39	1379 309 (118)
39	1379 (196)
39	2495 48 (140)
39	2495 (196)
39	1082 48 (124)
39	1082 (196)
39	1282 48 (133)
39	1282 (195)
39	764 48 (132)
39	764 (194)
39	907 48 (105)
39	907 (194)
39	1269 48 (130)
39	1269 309 (105)
39	1269 (194)
39	1741 48 (107)
39	1741 (194)
39	1956 48 (161)
39	1956 (194)
39	805 48 (136)
39	805 (193)
39	4524 48 (127)
39	4524 (193)
39	1562 48 (122)
39	1562 (193)
39	751 48 (141)
39	751 (193)
39	1010 48 (126)
39	1010 (193)
39	1196 48 (132)
39	1196 (192)
39	9579 48 (135)
39	9579 (192)
39	2749 48 (116)
39	2749 (192)
39	653 48 (124)
39	653 (192)
39	262 48 (130)
39	262 (192)
39	1698 48 (140)
39	1698 (192)
39	4393 48 (130)
39	4393 (191)
39	204 48 (135)
39	204 (191)
39	5728 48 (132)
39	5728 (191)
39	10605 48 (145)
39	10605 (191)
39	1973 48 (141)
39	1973 (191)
39	1655 48 (139)
39	1655 (190)
39	2633 48 (120)
39	2633 (190)
39	12982 48 (122)
39	12982 (190)
39	5152 48 (126)
39	5152 (189)
39	1489 48 (115)
39	1489 (189)
39	95 48 (126)
39	95 (189)
39	16431 48 (107)
39	16431 16430 48 (106)
39	16431 16430 (186)
39	16431 (189)
39	2054 48 (129)
39	2054 (188)
39	2164 48 (135)
39	2164 (188)
39	682 48 (130)
39	682 (188)
39	768 48 (105)
39	768 (188)
39	921 48 (127)
39	921 (188)
39	412 48 (141)
39	412 (188)
39	4994 48 (129)
39	4994 (188)
39	414 48 (111)
39	414 (188)
39	256 48 (113)
39	256 (188)
39	1333 48 (117)
39	1333 (187)
39	7975 48 (134)
39	7975 (186)
39	491 48 (148)
39	491 (186)
39	13032 48 (132)
39	13032 (186)
39	2464 48 (134)
39	2464 (186)
39	234 48 (107)
39	234 (185)
39	5074 48 (121)
39	5074 (184)
39	4344 48 (101)
39	4344 (184)
39	2375 48 (140)
39	2375 (184)
39	757 48 (121)
39	757 (184)
39	1308 48 (131)
39	1308 (184)
39	1966 48 (117)
39	1966 (184)
39	1976 48 (129)
39	1976 (184)
39	4650 48 (119)
39	4650 (184)
39	2344 48 (128)
39	2344 (183)
39	1808 48 (133)
39	1808 (183)
39	10420 48 (135)
39	10420 (183)
39	927 48 (124)
39	927 (183)
39	1080 48 (119)
39	1080 309 (100)
39	1080 (183)
39	610 48 (129)
39	610 (182)
39	2191 48 (122)
39	2191 (182)
39	817 48 (127)
39	817 (182)
39	2894 48 (108)
39	2894 (182)
39	2167 48 (139)
39	2167 (181)
39	3279 48 (116)
39	3279 (181)
39	1939 48 (121)
39	1939 (181)
39	718 48 (134)
39	718 (180)
39	166 48 (131)
39	166 (180)
39	66 48 (112)
39	66 (180)
39	164 48 (138)
39	164 (179)
39	3317 48 (116)
39	3317 (179)
39	342 48 (134)
39	342 (179)
39	2965 48 (132)
39	2965 (179)
39	708 48 (114)
39	708 (178)
39	1281 48 (121)
39	1281 (178)
39	10551 48 (114)
39	10551 (178)
39	2635 48 (114)
39	2635 (178)
39	1143 48 (102)
39	1143 (178)
39	2573 48 (112)
39	2573 (178)
39	169 48 (122)
39	169 (177)
39	4070 48 (133)
39	4070 (177)
39	622 48 (130)
39	622 (177)
39	1602 48 (128)
39	1602 (176)
39	1188 48 (107)
39	1188 (176)
39	1172 48 (128)
39	1172 (176)
39	2259 (175)
39	543 48 (117)
39	543 (175)
39	3315 48 (125)
39	3315 (175)
39	5248 48 (116)
39	5248 (175)
39	12981 48 (102)
39	12981 (174)
39	1996 48 (128)
39	1996 (174)
39	1899 48 (111)
39	1899 (174)
39	3668 48 (125)
39	3668 (174)
39	5405 48 (124)
39	5405 (173)
39	12473 48 (120)
39	12473 (172)
39	13334 48 (118)
39	13334 (172)
39	673 (172)
39	278 48 (117)
39	278 (171)
39	2113 48 (118)
39	2113 (171)
39	4207 48 (136)
39	4207 (171)
39	1046 48 (119)
39	1046 (170)
39	308 48 (108)
39	308 1269 (109)
39	308 (170)
39	576 48 (118)
39	576 (170)
39	2856 48 (120)
39	2856 (170)
39	1291 48 (108)
39	1291 (170)
39	1591 48 (116)
39	1591 (169)
39	1616 48 (111)
39	1616 (169)
39	662 48 (118)
39	662 (169)
39	1938 (169)
39	14386 (169)
39	1280 48 (125)
39	1280 (169)
39	1026 48 (109)
39	1026 (168)
39	2998 48 (130)
39	2998 (168)
39	3316 48 (106)
39	3316 (168)
39	10451 48 (120)
39	10451 (168)
39	3635 48 (111)
39	3635 (168)
39	684 48 (119)
39	684 (168)
39	2364 48 (115)
39	2364 (168)
39	1476 48 (103)
39	1476 (168)
39	1294 48 (124)
39	1294 (167)
39	1104 48 (119)
39	1104 (167)
39	2524 48 (135)
39	2524 (167)
39	932 48 (107)
39	932 (166)
39	116 48 (108)
39	116 (166)
39	4685 48 (124)
39	4685 (166)
39	82 48 (120)
39	82 (165)
39	925 48 (120)
39	925 (165)
39	611 48 (115)
39	611 (165)
39	938 48 (107)
39	938 (165)
39	1763 48 (113)
39	1763 (165)
39	3012 48 (106)
39	3012 (165)
39	10074 (165)
39	2915 48 (101)
39	2915 (164)
39	4975 48 (116)
39	4975 (164)
39	1804 48 (113)
39	1804 (164)
39	2997 48 (112)
39	2997 (164)
39	492 48 (111)
39	492 (164)
39	2215 48 (114)
39	2215 (164)
39	423 48 (111)
39	423 (164)
39	2425 48 (105)
39	2425 (164)
39	2763 48 (112)
39	2763 (164)
39	8867 48 (108)
39	8867 (163)
39	563 48 (115)
39	563 (163)
39	1819 48 (112)
39	1819 (163)
39	2599 48 (107)
39	2599 (162)
39	1013 48 (111)
39	1013 (162)
39	2420 48 (108)
39	2420 (162)
39	1527 48 (117)
39	1527 (162)
39	69 48 (117)
39	69 (162)
39	1001 48 (124)
39	1001 (162)
39	767 48 (122)
39	767 (162)
39	511 (161)
39	3451 (161)
39	3149 (161)
39	2625 48 (111)
39	2625 (161)
39	2177 48 (112)
39	2177 (161)
39	347 48 (120)
39	347 (160)
39	536 48 (110)
39	536 (160)
39	165 48 (122)
39	165 (160)
39	399 48 (117)
39	399 (160)
39	9001 48 (100)
39	9001 (160)
39	1831 (160)
39	4339 48 (101)
39	4339 (159)
39	205 48 (106)
39	205 (159)
39	1538 48 (113)
39	1538 (159)
39	171 48 (110)
39	171 (159)
39	1378 48 (108)
39	1378 309 (104)
39	1378 1379 (106)
39	1378 (159)
39	151 (158)
39	282 48 (121)
39	282 (158)
39	2746 48 (112)
39	2746 (158)
39	4779 48 (110)
39	4779 (158)
39	1537 (157)
39	4307 48 (118)
39	4307 (157)
39	1014 48 (115)
39	1014 (157)
39	2053 48 (122)
39	2053 (157)
39	987 48 (118)
39	987 (157)
39	753 48 (107)
39	753 (157)
39	3462 48 (104)
39	3462 (157)
39	711 (157)
39	1034 (157)
39	795 48 (108)
39	795 1819 (108)
39	795 (156)
39	1652 48 (109)
39	1652 (156)
39	133 48 (115)
39	133 (156)
39	3291 48 (106)
39	3291 (156)
39	1372 48 (108)
39	1372 (156)
39	552 48 (117)
39	552 (156)
39	1160 48 (109)
39	1160 (156)
39	651 (156)
39	926 48 (110)
39	926 (156)
39	220 48 (103)
39	220 (156)
39	587 48 (109)
39	587 (156)
39	565 48 (112)
39	565 (156)
39	3404 48 (117)
39	3404 (156)
39	1345 48 (104)
39	1345 (155)
39	3102 48 (100)
39	3102 (155)
39	760 48 (102)
39	760 (155)
39	10568 48 (111)
39	10568 (155)
39	639 (155)
39	250 48 (118)
39	250 (155)
39	2186 (154)
39	3321 (154)
39	4720 (154)
39	550 48 (102)
39	550 (154)
39	1072 48 (109)
39	1072 (154)
39	2011 48 (116)
39	2011 (154)
39	489 48 (110)
39	489 (154)
39	10448 (154)
39	189 (154)
39	583 48 (108)
39	583 (154)
39	10943 48 (115)
39	10943 (153)
39	1594 (153)
39	1609 (153)
39	350 (153)
39	206 48 (105)
39	206 (153)
39	1060 48 (114)
39	1060 (153)
39	1318 48 (107)
39	1318 (153)
39	50 (153)
39	759 48 (114)
39	759 (153)
39	706 (153)
39	6128 48 (111)
39	6128 (152)
39	1096 48 (105)
39	1096 (152)
39	2528 (152)
39	2225 (152)
39	2988 (152)
39	104 (152)
39	285 48 (122)
39	285 (152)
39	388 48 (102)
39	388 (152)
39	5358 48 (107)
39	5358 (151)
39	3311 48 (106)
39	3311 1819 (115)
39	3311 (151)
39	2370 (151)
39	1593 48 (117)
39	1593 (151)
39	1784 48 (110)
39	1784 (151)
39	1249 48 (112)
39	1249 (151)
39	924 48 (115)
39	924 (151)
39	227 (151)
39	1629 48 (110)
39	1629 (150)
39	1744 (150)
39	5124 48 (106)
39	5124 (150)
39	2212 (150)
39	2406 (150)
39	3160 (150)
39	3151 48 (111)
39	3151 (150)
39	612 (149)
39	3005 (149)
39	1395 (149)
39	11840 (149)
39	2663 (149)
39	2983 48 (100)
39	2983 (149)
39	9669 48 (108)
39	9669 (149)
39	2596 48 (100)
39	2596 (149)
39	529 48 (114)
39	529 (149)
39	1595 (148)
39	2843 (148)
39	167 48 (110)
39	167 (148)
39	2103 48 (102)
39	2103 (148)
39	2441 48 (105)
39	2441 (148)
39	3683 (148)
39	3966 (148)
39	493 (147)
39	1818 48 (105)
39	1818 (147)
39	2350 48 (116)
39	2350 (147)
39	5651 48 (105)
39	5651 (147)
39	2805 (147)
39	244 (146)
39	200 48 (101)
39	200 (146)
39	10513 48 (100)
39	10513 (145)
39	4642 (145)
39	911 48 (111)
39	911 (144)
39	9843 (144)
39	128 48 (104)
39	128 (144)
39	606 (144)
39	3194 (143)
39	4630 48 (111)
39	4630 (143)
39	4316 (143)
39	3186 (143)
39	4209 (143)
39	2728 (143)
39	596 (143)
39	2634 (143)
39	2480 48 (106)
39	2480 (143)
39	447 (142)
39	1964 48 (100)
39	1964 (142)
39	4945 48 (105)
39	4945 (142)
39	1275 (141)
39	1903 48 (108)
39	1903 (141)
39	1897 (141)
39	713 48 (102)
39	713 (141)
39	8730 (141)
39	849 (141)
39	1163 48 (108)
39	1163 (141)
39	4105 (141)
39	2188 48 (103)
39	2188 (140)
39	1380 (140)
39	11747 (140)
39	1564 48 (101)
39	1564 (140)
39	1232 48 (104)
39	1232 (140)
39	4940 48 (107)
39	4940 (140)
39	3535 (140)
39	1497 (139)
39	2394 48 (106)
39	2394 (139)
39	2874 (139)
39	440 (139)
39	77 48 (108)
39	77 (139)
39	1592 (138)
39	3808 48 (105)
39	3808 (138)
39	650 (138)
39	1642 48 (102)
39	1642 (138)
39	43 (138)
39	2286 (138)
39	10611 (138)
39	3189 (138)
39	1342 (138)
39	887 48 (108)
39	887 (138)
39	13182 (138)
39	2097 (137)
39	749 (137)
39	5782 (137)
39	2052 (137)
39	1016 48 (103)
39	1016 (137)
39	51 48 (106)
39	51 (137)
39	199 (136)
39	3774 48 (108)
39	3774 (136)
39	3537 (136)
39	1332 (136)
39	6118 (136)
39	1183 48 (108)
39	1183 (136)
39	769 (136)
39	1994 48 (111)
39	1994 (136)
39	402 (135)
39	392 (135)
39	2147 (135)
39	289 (135)
39	1390 (135)
39	5767 (135)
39	2469 (135)
39	10423 48 (109)
39	10423 (134)
39	2476 (134)
39	1184 (134)
39	2378 48 (101)
39	2378 (134)
39	1678 (134)
39	599 (134)
39	813 (134)
39	13043 (134)
39	2815 (133)
39	434 (133)
39	83 (133)
39	1085 (133)
39	837 (133)
39	222 (133)
39	3276 48 (100)
39	3276 (133)
39	2706 (133)
39	193 48 (102)
39	193 (133)
39	2150 48 (100)
39	2150 (133)
39	880 (132)
39	68 (132)
39	939 (132)
39	1517 48 (103)
39	1517 (132)
39	1670 (132)
39	2554 (132)
39	3553 (132)
39	1063 (131)
39	2064 (131)
39	40 (131)
39	593 (131)
39	4170 (131)
39	1905 48 (102)
39	1905 (131)
39	98 (131)
39	660 (131)
39	3006 (131)
39	1055 (130)
39	1166 (130)
39	1459 (130)
39	4913 (130)
39	2708 (130)
39	615 (130)
39	2239 (130)
39	828 (130)
39	4891 (129)
39	3412 (129)
39	566 (129)
39	1598 (129)
39	851 (129)
39	3021 (128)
39	108 (128)
39	1408 (128)
39	15345 (128)
39	2990 (128)
39	3202 (128)
39	274 (128)
39	2788 (127)
39	698 (127)
39	560 (127)
39	3221 48 (101)
39	3221 (127)
39	3319 (127)
39	2537 (127)
39	486 (127)
39	13556 (127)
39	2723 (127)
39	5108 (127)
39	9304 (126)
39	2561 (126)
39	9617 (126)
39	85 (126)
39	2413 (125)
39	406 (125)
39	211 (125)
39	5968 (125)
39	2840 (125)
39	3047 (125)
39	12677 (125)
39	11254 (125)
39	445 (125)
39	10939 (125)
39	10818 (125)
39	236 (124)
39	2002 (124)
39	1805 (124)
39	3324 (124)
39	1023 (124)
39	1791 (124)
39	6602 (124)
39	1161 (124)
39	1315 (124)
39	337 (124)
39	1433 (123)
39	4342 (123)
39	5323 (123)
39	525 (123)
39	763 (123)
39	1012 (123)
39	6630 (123)
39	2351 (123)
39	500 (123)
39	731 (122)
39	344 48 (103)
39	344 (122)
39	1837 (122)
39	1071 (122)
39	2506 (122)
39	485 (122)
39	558 (122)
39	2408 (122)
39	2276 (121)
39	4201 (121)
39	3896 (121)
39	1772 (121)
39	13060 (121)
39	3086 (121)
39	331 (121)
39	2810 (121)
39	2621 (121)
39	141 (121)
39	4886 (120)
39	1233 (120)
39	2842 (120)
39	2800 (120)
39	896 (120)
39	1771 (120)
39	1428 (120)
39	382 (120)
39	1796 (120)
39	421 (120)
39	13049 (120)
39	1640 (120)
39	10598 (120)
39	1615 (120)
39	314 (120)
39	1180 (119)
39	15798 (119)
39	1215 (119)
39	1115 (119)
39	44 (119)
39	3185 (119)
39	2812 (119)
39	5289 (119)
39	2389 (119)
39	3402 (119)
39	14634 (118)
39	2039 (118)
39	3236 (118)
39	10128 (118)
39	3735 (118)
39	3292 (118)
39	2058 (118)
39	243 (118)
39	325 (118)
39	1789 (118)
39	4221 (118)
39	1387 (118)
39	1811 (118)
39	573 (118)
39	442 (118)
39	739 (117)
39	3903 (117)
39	501 (117)
39	64 (117)
39	801 (117)
39	4859 (117)
39	3638 (117)
39	1877 (117)
39	13056 (117)
39	3055 (117)
39	914 (117)
39	2240 (117)
39	2263 (117)
39	2822 (116)
39	2793 (116)
39	1773 (116)
39	3973 (116)
39	2855 (116)
39	12996 (115)
39	4386 (115)
39	791 (115)
39	4771 (115)
39	67 (115)
39	968 (115)
39	5976 (115)
39	1145 (115)
39	4801 (115)
39	755 (115)
39	2861 (115)
39	1815 (115)
39	4111 (115)
39	4144 (115)
39	1697 (114)
39	2830 (114)
39	1821 (114)
39	3336 (114)
39	1430 (114)
39	1025 (113)
39	2771 (113)
39	2117 (113)
39	152 (113)
39	3504 (113)
39	129 (113)
39	1951 (113)
39	3840 (113)
39	2669 (113)
39	2129 (113)
39	10474 (113)
39	3988 (113)
39	1781 (112)
39	647 (112)
39	11560 (112)
39	892 (112)
39	1192 (111)
39	1929 (111)
39	1612 (111)
39	10493 (111)
39	5127 (111)
39	974 (111)
39	2870 (111)
39	61 (110)
39	3272 (110)
39	2493 (110)
39	444 (110)
39	10441 (110)
39	197 (110)
39	2269 (110)
39	1311 (110)
39	3551 (110)
39	3539 (109)
39	3171 (109)
39	1727 (109)
39	3762 (109)
39	877 (109)
39	1439 (109)
39	228 (109)
39	915 (109)
39	6190 (109)
39	4548 (108)
39	2471 (108)
39	1473 (108)
39	966 (108)
39	1290 (108)
39	2854 (107)
39	4278 (107)
39	4297 (107)
39	958 (107)
39	7646 (107)
39	584 (107)
39	1696 (107)
39	3338 (107)
39	10481 (107)
39	4433 (107)
39	2760 (107)
39	1981 (107)
39	3772 (107)
39	265 (106)
39	11794 (106)
39	4472 (106)
39	848 (106)
39	3857 (106)
39	4640 (106)
39	1547 (106)
39	942 (106)
39	127 (106)
39	3312 (106)
39	1219 (106)
39	12491 (105)
39	2853 (105)
39	192 (105)
39	1503 (105)
39	3161 (105)
39	3240 (105)
39	467 (105)
39	4744 (105)
39	3642 (105)
39	905 (105)
39	1896 (104)
39	2417 (104)
39	10419 (104)
39	364 (104)
39	1679 (104)
39	2876 (104)
39	4843 (104)
39	1354 (104)
39	781 (104)
39	1569 (104)
39	3420 (103)
39	2880 (103)
39	2519 (103)
39	2402 (103)
39	695 (103)
39	1603 (103)
39	1035 (103)
39	2720 (103)
39	981 (103)
39	11039 (103)
39	1739 (103)
39	5164 (102)
39	102 (102)
39	3855 (102)
39	10651 (102)
39	2818 (102)
39	4080 (102)
39	1596 (102)
39	2210 (102)
39	555 (101)
39	2122 (101)
39	1130 (101)
39	3573 (101)
39	4251 (101)
39	4389 (101)
39	1286 (101)
39	1776 (101)
39	3742 (101)
39	2514 (101)
39	4127 (100)
39	4310 (100)
39	1736 (100)
39	1396 (100)
39	2967 (100)
39	3724 (100)
39	2202 (100)
39	2004 (100)
39	4360 (100)
39	3271 (100)
48	89 (2798)
48	65 89 (243)
48	65 (2529)
48	225 89 (132)
48	225 65 (141)
48	225 (1736)
48	310 89 (190)
48	310 65 (163)
48	310 225 (117)
48	310 (1692)
48	237 89 (174)
48	237 65 (151)
48	237 225 (112)
48	237 310 (129)
48	237 (1682)
48	170 89 (140)
48	170 237 (103)
48	170 (1557)
48	475 89 (121)
48	475 65 (115)
48	475 237 (126)
48	475 (1428)
48	110 (1380)
48	101 89 (150)
48	101 65 (127)
48	101 (1311)
48	413 89 (108)
48	413 65 (104)
48	413 101 (101)
48	413 (1135)
48	271 65 (111)
48	271 225 (220)
48	271 (1090)
48	255 65 (102)
48	255 (1057)
48	147 65 (101)
48	147 (1036)
48	438 (1025)
48	1327 (968)
48	270 225 (175)
48	270 271 (369)
48	270 (957)
48	2238 225 (219)
48	2238 271 (153)
48	2238 270 (144)
48	2238 (955)
48	79 (893)
48	533 (861)
48	49 (843)
48	78 89 (109)
48	78 (824)
48	12925 (817)
48	185 (816)
48	60 89 (111)
48	60 (815)
48	1146 (811)
48	123 (797)
48	2958 (779)
48	338 (779)
48	592 (743)
48	16010 (730)
48	824 (701)
48	14098 (698)
48	604 (687)
48	249 237 (104)
48	249 (675)
48	201 (674)
48	1393 (669)
48	677 (666)
48	548 (658)
48	301 (658)
48	16217 (647)
48	258 (643)
48	589 (628)
48	179 (624)
48	1004 (614)
48	13041 (602)
48	117 (601)
48	3270 (592)
48	286 (591)
48	15832 (585)
48	783 (583)
48	522 (582)
48	229 (545)
48	1135 (541)
48	956 (540)
48	264 (534)
48	405 (525)
48	10515 405 (160)
48	10515 (524)
48	740 (520)
48	161 (517)
48	570 (514)
48	549 (513)
48	479 (513)
48	544 (504)
48	175 (493)
48	649 (490)
48	766 (489)
48	76 (485)
48	156 (473)
48	1578 (469)
48	107 548 (104)
48	107 549 (107)
48	107 (467)
48	703 (467)
48	812 (463)
48	976 117 (169)
48	976 (456)
48	1814 (451)
48	1600 (444)
48	334 (443)
48	772 (442)
48	269 (439)
48	1435 (433)
48	488 (432)
48	103 (431)
48	12929 (430)
48	1344 (427)
48	389 (422)
48	464 (422)
48	407 (422)
48	789 (421)
48	186 (417)
48	535 (409)
48	425 (408)
48	340 (407)
48	242 (399)
48	806 (396)
48	865 (390)
48	664 (387)
48	2199 (383)
48	279 (383)
48	449 (382)
48	272 (380)
48	259 (380)
48	260 (379)
48	396 (378)
48	681 (378)
48	1198 (376)
48	3616 1146 (167)
48	3616 (376)
48	675 (374)
48	16011 16010 (362)
48	16011 (374)
48	809 (373)
48	105 (372)
48	1067 107 (106)
48	1067 (369)
48	371 (369)
48	267 (368)
48	2383 (356)
48	581 (353)
48	150 (353)
48	1715 (350)
48	379 (348)
48	2437 (346)
48	1239 (346)
48	1986 (346)
48	10446 (345)
48	8978 16010 (123)
48	8978 (344)
48	441 (341)
48	2118 (341)
48	374 (340)
48	251 (338)
48	1144 249 (100)
48	1144 (336)
48	1783 (335)
48	1872 (333)
48	261 (330)
48	208 (330)
48	4336 (330)
48	734 (329)
48	798 (329)
48	297 (328)
48	426 (327)
48	961 (327)
48	52 (326)
48	55 (325)
48	2329 (324)
48	947 (324)
48	15618 (323)
48	53 (322)
48	913 (320)
48	398 (320)
48	571 (318)
48	345 (316)
48	1693 (316)
48	1417 (315)
48	790 (315)
48	62 (314)
48	155 (314)
48	910 (313)
48	209 (312)
48	916 (311)
48	831 (311)
48	420 (311)
48	878 (310)
48	623 (310)
48	56 (309)
48	885 (307)
48	704 (307)
48	1677 (306)
48	855 (306)
48	1043 (306)
48	4883 (305)
48	2046 (305)
48	793 (304)
48	10444 (302)
48	12935 (302)
48	2051 (300)
48	1987 (298)
48	846 (297)
48	830 (294)
48	514 (293)
48	94 (293)
48	2135 (293)
48	1585 (292)
48	2284 (292)
48	8691 (288)
48	2184 (288)
48	136 (286)
48	12946 (286)
48	248 (285)
48	2080 (285)
48	2987 (284)
48	2241 (284)
48	1714 (282)
48	2673 (280)
48	591 (280)
48	490 (279)
48	408 (279)
48	1404 (277)
48	2879 (276)
48	2399 (276)
48	1867 (275)
48	1020 (274)
48	14933 (274)
48	1479 (273)
48	856 (271)
48	80 (271)
48	1486 (270)
48	281 (269)
48	2523 (269)
48	808 (267)
48	418 (267)
48	979 (266)
48	1052 (266)
48	246 (265)
48	2168 (265)
48	3799 (264)
48	319 (261)
48	1355 (260)
48	2015 (259)
48	365 (259)
48	1659 (258)
48	2056 (258)
48	2505 2284 (109)
48	2505 (256)
48	415 (255)
48	715 (254)
48	727 (253)
48	10653 (252)
48	547 (252)
48	432 (251)
48	4698 (251)
48	1313 (250)
48	1066 (250)
48	1121 (250)
48	1003 (250)
48	1103 (250)
48	1557 (250)
48	1513 (248)
48	1257 (248)
48	1113 (248)
48	1277 (248)
48	384 (247)
48	352 (246)
48	1126 (246)
48	1704 (246)
48	178 (246)
48	10656 (245)
48	1956 (243)
48	1543 (240)
48	10490 (240)
48	2343 (239)
48	2775 (239)
48	2492 (238)
48	2115 (237)
48	13189 (236)
48	1619 (236)
48	1481 (236)
48	1973 (236)
48	341 (235)
48	10491 (234)
48	14099 (233)
48	2187 (233)
48	1062 (232)
48	640 (232)
48	9501 (232)
48	1158 (232)
48	3361 (229)
48	10442 (229)
48	1027 (228)
48	12959 (228)
48	1638 (226)
48	2792 (226)
48	176 (226)
48	164 (224)
48	9555 (224)
48	2208 (222)
48	1000 (221)
48	2552 (221)
48	351 (221)
48	8985 (220)
48	16430 (219)
48	12951 (219)
48	2515 (218)
48	424 (218)
48	13443 (217)
48	5051 (217)
48	346 (216)
48	730 (215)
48	2353 (215)
48	1361 (215)
48	1930 (215)
48	694 (215)
48	2626 (214)
48	3964 (214)
48	3502 (214)
48	2524 (213)
48	3510 (213)
48	1082 (212)
48	643 (212)
48	2325 (212)
48	817 (210)
48	1859 (210)
48	397 (210)
48	390 (210)
48	75 (209)
48	7205 (209)
48	2065 (209)
48	10525 (208)
48	1444 (208)
48	232 (207)
48	12943 (207)
48	840 (206)
48	215 (206)
48	1562 (206)
48	984 (205)
48	4207 (205)
48	10943 (204)
48	203 (204)
48	534 (203)
48	978 (203)
48	751 (202)
48	2495 (202)
48	842 (201)
48	1209 (201)
48	993 (201)
48	829 (200)
48	7975 (200)
48	1081 (200)
48	3904 (200)
48	12933 (199)
48	2254 (198)
48	2629 (197)
48	1698 (197)
48	1655 (197)
48	370 (196)
48	610 (196)
48	3759 (195)
48	165 164 (118)
48	165 (195)
48	320 (195)
48	1185 (195)
48	653 (195)
48	2215 (195)
48	13032 (195)
48	1214 (195)
48	1360 (194)
48	342 (193)
48	5729 2238 (104)
48	5729 (192)
48	903 (192)
48	682 (191)
48	96 (191)
48	1308 (191)
48	622 (191)
48	204 (190)
48	9579 (190)
48	1046 (190)
48	13334 (189)
48	989 (189)
48	168 (189)
48	2991 (189)
48	785 (189)
48	4650 (188)
48	3827 (188)
48	4524 (187)
48	2375 (187)
48	652 (187)
48	2091 (187)
48	2164 (186)
48	262 (186)
48	1196 (185)
48	2440 (185)
48	285 (185)
48	4393 (185)
48	13174 (184)
48	2464 (184)
48	235 (184)
48	1172 (184)
48	1001 (183)
48	921 (183)
48	166 (183)
48	15578 (182)
48	1564 (182)
48	5074 (182)
48	491 (182)
48	2633 (181)
48	412 (181)
48	2167 (181)
48	1808 (181)
48	2075 (181)
48	2344 (180)
48	3668 (180)
48	2894 (180)
48	927 (180)
48	2965 (179)
48	1183 (179)
48	10605 (179)
48	1232 (179)
48	2364 (179)
48	250 (178)
48	2388 (178)
48	1939 (178)
48	10420 (178)
48	195 (178)
48	4685 (178)
48	1163 (177)
48	1976 (177)
48	82 (177)
48	4945 (177)
48	684 (177)
48	12982 (177)
48	347 (177)
48	497 (176)
48	2053 (176)
48	1842 (176)
48	2054 (176)
48	2856 (176)
48	16431 16430 (174)
48	16431 (175)
48	10451 (175)
48	4070 (175)
48	552 (174)
48	278 (174)
48	4994 (173)
48	1282 (173)
48	433 (173)
48	1425 (172)
48	2191 (172)
48	3317 (172)
48	543 (172)
48	4779 (172)
48	1333 (171)
48	805 (171)
48	615 (170)
48	5405 (170)
48	5124 (170)
48	128 (170)
48	718 (170)
48	2998 (169)
48	3316 (169)
48	10551 (168)
48	938 (168)
48	66 (168)
48	4307 (168)
48	1786 (168)
48	1080 (167)
48	8068 (166)
48	2749 (166)
48	1294 (166)
48	2625 (166)
48	3635 (166)
48	12473 (166)
48	1010 (165)
48	489 (165)
48	1602 (165)
48	1629 (165)
48	697 (165)
48	1280 (165)
48	1763 (164)
48	536 (164)
48	887 (164)
48	767 (164)
48	167 (164)
48	924 (164)
48	587 (163)
48	77 (162)
48	1014 (162)
48	2997 (162)
48	423 (162)
48	95 (162)
48	282 (162)
48	1994 (162)
48	2468 (162)
48	3279 (161)
48	1281 (161)
48	344 (161)
48	576 (161)
48	662 (161)
48	611 (161)
48	3294 (161)
48	1269 (161)
48	309 (161)
48	5728 (160)
48	213 (160)
48	2425 (160)
48	1291 (160)
48	12981 (160)
48	2350 (159)
48	597 (159)
48	3221 (159)
48	169 (159)
48	753 (158)
48	133 (158)
48	3404 (158)
48	2394 (158)
48	795 (158)
48	10568 (157)
48	1160 (157)
48	768 (157)
48	69 (156)
48	2596 (156)
48	2843 (156)
48	1819 795 (108)
48	1819 (156)
48	1379 (156)
48	925 (156)
48	1903 (156)
48	1489 (155)
48	3151 (155)
48	757 (155)
48	10513 (155)
48	1249 (155)
48	3315 (155)
48	563 (155)
48	399 (154)
48	1096 (154)
48	2441 (154)
48	2573 (154)
48	116 (154)
48	764 (153)
48	2103 (153)
48	987 (153)
48	206 (153)
48	907 (152)
48	1591 (152)
48	5248 (152)
48	2177 (152)
48	205 (152)
48	2635 (152)
48	1966 (152)
48	3774 (152)
48	5152 (152)
48	8867 (151)
48	1899 (151)
48	837 (151)
48	3292 (151)
48	3012 (151)
48	2815 (151)
48	1804 (151)
48	3189 (150)
48	1013 (150)
48	529 (150)
48	1593 (150)
48	1784 (150)
48	911 (150)
48	10448 (149)
48	565 (149)
48	1527 (149)
48	308 (149)
48	1104 (149)
48	1996 (149)
48	1616 (149)
48	3311 1819 (107)
48	3311 (149)
48	3291 (149)
48	1595 (149)
48	760 (149)
48	10423 (148)
48	2113 (148)
48	3462 (148)
48	492 (148)
48	1378 (147)
48	4940 (147)
48	2763 (147)
48	1060 (147)
48	244 (147)
48	1012 (147)
48	1071 (147)
48	1372 (147)
48	1332 (146)
48	550 (146)
48	6128 (146)
48	1818 (146)
48	2370 (146)
48	708 (145)
48	2420 (145)
48	1678 (145)
48	2561 (145)
48	2212 (145)
48	414 (144)
48	4899 (144)
48	1897 (144)
48	4630 (144)
48	2746 (144)
48	388 (143)
48	2788 (143)
48	1318 (143)
48	3808 (143)
48	4339 (143)
48	1964 (143)
48	222 (143)
48	2188 (143)
48	440 (143)
48	2983 (142)
48	2723 (142)
48	2988 (142)
48	926 (142)
48	2011 (141)
48	2150 (141)
48	392 (141)
48	1789 (141)
48	2915 (141)
48	2634 (140)
48	1016 (140)
48	171 (140)
48	939 (140)
48	447 (140)
48	3321 (140)
48	932 (140)
48	200 (139)
48	3194 (139)
48	108 (139)
48	1026 (139)
48	493 (139)
48	558 (139)
48	2276 (139)
48	4221 (139)
48	1529 (139)
48	1538 (138)
48	220 (138)
48	759 (138)
48	1395 (138)
48	3276 (138)
48	2147 (138)
48	2874 (138)
48	9669 (138)
48	234 (138)
48	15345 (137)
48	4201 (137)
48	851 (137)
48	896 (137)
48	486 (137)
48	650 (137)
48	9304 (136)
48	2389 (136)
48	3451 (136)
48	2528 (136)
48	12677 (136)
48	1072 (136)
48	3724 (136)
48	511 (135)
48	2599 (135)
48	583 (135)
48	573 (135)
48	4642 (135)
48	3055 (135)
48	612 (135)
48	406 (135)
48	1815 (135)
48	3006 (135)
48	4316 (135)
48	4975 (135)
48	3160 (135)
48	51 (134)
48	1741 (134)
48	1345 (134)
48	849 (134)
48	2728 (134)
48	1188 (134)
48	2052 (134)
48	256 (134)
48	104 (133)
48	2002 (133)
48	6118 (133)
48	4891 (133)
48	673 (132)
48	14386 (132)
48	189 (132)
48	337 (132)
48	2706 (132)
48	880 (132)
48	10818 (132)
48	141 (131)
48	4170 (131)
48	1594 (131)
48	828 (131)
48	1652 (131)
48	1275 (130)
48	2286 (130)
48	1609 (130)
48	2990 (130)
48	151 (130)
48	5358 (130)
48	4111 (130)
48	1938 (130)
48	755 (130)
48	2378 (130)
48	3102 (130)
48	9843 (130)
48	2117 (130)
48	2413 (129)
48	3086 (129)
48	3553 (129)
48	2506 (129)
48	651 (129)
48	13043 (129)
48	713 (129)
48	50 (128)
48	9001 (128)
48	5782 (128)
48	1744 (128)
48	2186 (128)
48	350 (128)
48	4209 (128)
48	3735 (128)
48	4344 (128)
48	2663 (127)
48	193 (127)
48	2259 (127)
48	68 (127)
48	4105 (127)
48	13182 (127)
48	2822 (127)
48	5767 (127)
48	2480 (127)
48	85 (127)
48	660 (126)
48	1905 (126)
48	1387 (126)
48	5651 (126)
48	1642 (126)
48	5127 (125)
48	3683 (125)
48	199 (125)
48	3412 (125)
48	1517 (125)
48	749 (125)
48	711 (124)
48	5968 (124)
48	64 (124)
48	639 (124)
48	442 (124)
48	2469 (124)
48	1342 (124)
48	1590 (124)
48	501 (124)
48	1380 (124)
48	3966 (124)
48	3638 (123)
48	1143 (123)
48	599 (123)
48	3535 (123)
48	10074 (123)
48	98 (122)
48	566 (122)
48	13060 (122)
48	2225 (122)
48	1023 (121)
48	3240 (121)
48	2800 (121)
48	3171 (121)
48	525 (121)
48	2406 (121)
48	445 (121)
48	289 (120)
48	1991 (120)
48	3021 (120)
48	3149 (120)
48	1831 (120)
48	4143 (120)
48	1592 (120)
48	434 (120)
48	4342 (120)
48	10611 (119)
48	6602 (119)
48	2721 (119)
48	2708 (119)
48	243 (119)
48	2621 (119)
48	1476 (119)
48	1739 (119)
48	4251 (119)
48	3756 (119)
48	4144 (119)
48	1166 (118)
48	1315 (118)
48	10481 (118)
48	8730 (118)
48	1459 (118)
48	11840 (118)
48	4360 (118)
48	1161 (118)
48	5346 (118)
48	606 (117)
48	3185 (117)
48	3271 (117)
48	59 (117)
48	3186 (117)
48	560 (117)
48	3202 (117)
48	968 (117)
48	1085 (117)
48	2240 (117)
48	5108 (117)
48	10598 (117)
48	698 (117)
48	1159 (116)
48	2493 (116)
48	13056 (116)
48	228 (116)
48	500 (116)
48	596 (116)
48	1184 (116)
48	3319 (116)
48	1772 (116)
48	382 (116)
48	706 (116)
48	11747 (116)
48	331 (116)
48	2537 (116)
48	127 (116)
48	1063 (116)
48	4548 (115)
48	3537 (115)
48	402 (115)
48	4472 (114)
48	3467 (114)
48	1805 (114)
48	555 (114)
48	1115 (114)
48	2351 (114)
48	4744 (114)
48	5289 (114)
48	807 (114)
48	444 (114)
48	1811 (114)
48	4859 (114)
48	1343 (114)
48	2263 (114)
48	14634 (114)
48	739 (113)
48	973 (113)
48	15798 (113)
48	9617 (113)
48	4310 (113)
48	4771 (113)
48	10474 (113)
48	504 (113)
48	966 (113)
48	763 (113)
48	974 (113)
48	1233 (112)
48	67 (112)
48	3338 (112)
48	421 (112)
48	3161 (112)
48	636 (112)
48	2654 (112)
48	2514 (112)
48	10128 (112)
48	1696 (112)
48	2122 (111)
48	2097 (111)
48	1773 (111)
48	770 (111)
48	1215 (111)
48	3312 (111)
48	731 (111)
48	1697 (111)
48	1290 (111)
48	1640 (111)
48	848 (111)
48	1537 (110)
48	2519 (110)
48	2805 (110)
48	2810 (110)
48	861 (110)
48	1123 (110)
48	1390 (110)
48	2408 (110)
48	2842 (110)
48	621 (110)
48	1837 (110)
48	11039 (109)
48	1025 (109)
48	1180 (109)
48	10441 (109)
48	1603 (109)
48	211 (109)
48	10939 (109)
48	1408 (109)
48	1821 (109)
48	4640 (109)
48	2624 (109)
48	1598 (109)
48	1034 (109)
48	1972 (109)
48	10419 (109)
48	2476 (109)
48	572 (108)
48	2891 (108)
48	2907 (108)
48	2210 (108)
48	4297 (108)
48	2793 (108)
48	3840 (108)
48	1971 (108)
48	1428 (107)
48	4720 (107)
48	3047 (107)
48	2239 (107)
48	593 (107)
48	11794 (107)
48	4357 (107)
48	1055 (107)
48	3772 (107)
48	1286 (107)
48	2058 (107)
48	877 (106)
48	4141 (106)
48	3551 (106)
48	1791 (106)
48	1612 (106)
48	4127 (106)
48	467 (106)
48	2026 (106)
48	460 (106)
48	192 (106)
48	5339 (106)
48	4643 (105)
48	129 (105)
48	2084 (105)
48	13556 (105)
48	1503 (105)
48	1192 (105)
48	3742 (105)
48	485 (105)
48	2129 (105)
48	4164 (105)
48	2812 (105)
48	3314 (104)
48	15879 (104)
48	2830 (104)
48	3297 (104)
48	422 (104)
48	584 (104)
48	1130 (104)
48	2854 (104)
48	1781 (104)
48	4552 (104)
48	314 (103)
48	683 (103)
48	2876 (103)
48	2720 (103)
48	769 (103)
48	1877 (103)
48	83 (103)
48	1311 (103)
48	325 (103)
48	2424 (103)
48	1670 (102)
48	1796 (102)
48	2870 (102)
48	3546 (102)
48	10651 (102)
48	197 (102)
48	6190 (102)
48	2760 (102)
48	227 (102)
48	1433 (102)
48	6082 (102)
48	2861 (101)
48	5323 (101)
48	2049 (101)
48	13049 (101)
48	10555 (101)
48	942 (101)
48	1105 (101)
48	1776 (101)
48	2855 (101)
48	184 (101)
48	3762 (101)
48	3973 (101)
48	1624 (101)
48	826 (100)
48	207 (100)
48	2202 (100)
48	781 (100)
48	813 (100)
48	2569 (100)
48	3402 (100)
48	3236 (100)
48	1615 (100)
1	39 (163)
1	48 (142)
2	39 (324)
2	48 39 (186)
2	48 (268)
2	38 (105)
1080	1379 (141)
1080	1269 (137)
1080	1378 (117)
1080	1380 (116)
3402	3535 (125)
3402	3537 (107)
78	89 (121)
14098	16010 (104)
79	225 (134)
79	2254 (120)
5	39 (160)
5	48 39 (100)
5	48 (159)
89	237 (232)
89	310 (228)
89	101 (191)
89	170 (171)
89	225 (163)
89	475 (153)
89	413 (123)
89	533 (120)
89	147 (117)
89	592 (117)
89	338 (110)
89	13041 (107)
89	110 (107)
89	14098 (106)
89	201 (103)
1146	3616 (293)
6	39 (100)
101	413 (167)
101	310 (138)
101	237 (130)
101	147 (128)
101	301 (120)
101	824 (112)
101	475 (110)
101	201 (108)
101	604 (103)
110	170 (160)
110	237 (104)
110	225 (103)
2238	5729 (145)
2238	5728 (121)
9	39 (832)
9	48 39 (546)
9	48 (790)
9	41 39 (239)
9	41 48 39 (191)
9	41 48 (231)
9	41 (307)
9	32 39 (155)
9	32 48 39 (109)
9	32 48 (155)
9	32 (250)
9	38 39 (153)
9	38 48 39 (106)
9	38 48 (129)
9	38 (198)
9	65 (136)
9	89 (110)
1609	14933 (145)
2284	2505 (194)
310	1146 (107)
310	14098 (101)
3535	3537 (130)
