136	20254 580759
316	23675 522239
218	88598 2251941
138	29955 595437
148	69922 2175108
490	10071 41229
11	364065 4586548
446	19830 528857
294	27416 130459
40	20585 648279
27	72134 1635307
55	55614 480984
64	41120 1043275
83	27453 698174
1	197522 3051474
2	36588 657182
77	36954 840554
3	450031 3203983
4	78097 538356
6	601374 5870122
7	86898 1941185
148	218 (58823)
11	218 (61656)
11	148 218 (50098)
11	148 (55759)
11	27 218 (11606)
11	27 148 218 (9925)
11	27 148 (10802)
11	27 (46103)
11	64 218 (10008)
11	64 (30677)
11	77 (30409)
11	55 (24334)
11	83 27 (10559)
11	83 (24077)
11	138 (21566)
11	40 (18029)
11	316 (17837)
11	136 (17215)
11	446 (14981)
11	294 (11412)
27	218 (13436)
27	83 (12872)
27	148 218 (10817)
27	148 (11964)
64	218 (11921)
64	148 (10683)
1	6 (132113)
1	11 6 (86092)
1	11 (91882)
1	3 6 (57802)
1	3 11 6 (37743)
1	3 11 (40268)
1	3 (84660)
1	218 6 (30182)
1	218 11 6 (25608)
1	218 11 (25790)
1	218 3 6 (13060)
1	218 3 11 6 (11091)
1	218 3 11 (11176)
1	218 3 (13928)
1	218 (32127)
1	148 6 (27020)
1	148 11 6 (24242)
1	148 11 (24345)
1	148 3 6 (11705)
1	148 3 11 6 (10493)
1	148 3 11 (10544)
1	148 3 (12165)
1	148 218 6 (24709)
1	148 218 11 6 (22444)
1	148 218 11 (22502)
1	148 218 3 6 (10638)
1	148 218 3 (10885)
1	148 218 (25267)
1	148 (28049)
1	7 6 (21733)
1	7 11 6 (18035)
1	7 11 (18220)
1	7 3 (10548)
1	7 (23817)
1	27 6 (17828)
1	27 11 6 (14906)
1	27 11 (15077)
1	27 7 6 (11895)
1	27 7 11 6 (10347)
1	27 7 11 (10384)
1	27 7 (12352)
1	27 (19793)
1	64 6 (14001)
1	64 11 6 (11640)
1	64 11 (11795)
1	64 (15390)
1	4 (14645)
1	77 6 (13216)
1	77 11 6 (11340)
1	77 11 (11434)
1	77 (14142)
1	55 (12963)
1	138 6 (11193)
1	138 (12450)
1	2 (10708)
1	83 6 (10293)
1	83 (10659)
2	6 (29619)
2	11 6 (19624)
2	11 (20826)
2	3 6 (13515)
2	3 (19438)
77	218 (11457)
77	148 (10354)
3	6 (265180)
3	11 6 (143682)
3	11 (161286)
3	218 6 (33978)
3	218 11 6 (26501)
3	218 11 (26973)
3	218 (38673)
3	7 6 (32895)
3	7 11 6 (24971)
3	7 11 (25533)
3	7 (38659)
3	4 6 (21112)
3	4 11 6 (11494)
3	4 11 (12872)
3	4 (35438)
3	27 6 (26522)
3	27 11 6 (20086)
3	27 11 (20629)
3	27 7 6 (16581)
3	27 7 11 6 (13574)
3	27 7 11 (13689)
3	27 7 (17830)
3	27 (32027)
3	148 6 (28097)
3	148 11 6 (23969)
3	148 11 (24207)
3	148 218 6 (24526)
3	148 218 11 6 (21528)
3	148 218 11 (21630)
3	148 218 (25363)
3	148 (30330)
3	55 6 (17975)
3	55 11 6 (10195)
3	55 11 (11323)
3	55 (29663)
3	64 6 (17455)
3	64 11 6 (13146)
3	64 11 (13518)
3	64 (21175)
3	77 6 (16731)
3	77 11 6 (13198)
3	77 11 (13482)
3	77 (19283)
3	138 6 (12809)
3	138 (15546)
3	294 (15246)
3	83 6 (13167)
3	83 11 6 (10487)
3	83 11 (10578)
3	83 (14138)
3	316 6 (9956)
3	316 (12342)
3	40 (10512)
3	490 (10496)
3	136 (10493)
3	446 (10305)
4	6 (45377)
4	11 6 (24408)
4	11 (27433)
6	11 (324013)
6	218 11 (60630)
6	218 (77675)
6	7 11 (55835)
6	7 218 11 (14267)
6	7 218 (16389)
6	7 (73610)
6	148 11 (55230)
6	148 218 11 (49866)
6	148 218 (56838)
6	148 7 11 (13216)
6	148 7 218 11 (12057)
6	148 7 218 (13204)
6	148 7 (14585)
6	148 (64750)
6	27 11 (44923)
6	27 218 11 (11562)
6	27 218 (13033)
6	27 7 11 (30567)
6	27 7 (37397)
6	27 148 11 (10779)
6	27 148 218 11 (9911)
6	27 148 218 (10684)
6	27 148 (11727)
6	27 (59418)
6	64 11 (29865)
6	64 218 11 (9973)
6	64 218 (11586)
6	64 148 (10455)
6	64 (39697)
6	55 11 (21940)
6	55 (38875)
6	77 11 (29830)
6	77 218 (11179)
6	77 148 (10178)
6	77 (37654)
6	83 11 (23881)
6	83 7 11 (12961)
6	83 7 (15964)
6	83 27 11 (10546)
6	83 27 7 (10865)
6	83 27 (12712)
6	83 (29983)
6	138 11 (21008)
6	138 (28750)
6	316 11 (17311)
6	316 (22466)
6	40 11 (17862)
6	40 (22264)
6	136 11 (16962)
6	136 (21189)
6	446 11 (14632)
6	446 (19240)
6	294 11 (10228)
6	294 (18949)
6	490 (13512)
7	11 (57074)
7	27 11 (30839)
7	27 (40235)
7	218 11 (14307)
7	218 (16864)
7	83 11 (12983)
7	83 27 (10960)
7	83 (16171)
7	148 11 (13244)
7	148 218 11 (12071)
7	148 218 (13366)
7	148 (14851)
