230	8123000 593923238
2952	6933000 185590005
303	21246000 770370963
321	9559000 260080770
142	7322000 535755728
151	5276000 470471337
205	21373000 628360244
232	5366000 433746348
152	5947000 96237557
1838	6465000 208693955
215	21592000 579135570
233	6468000 497831130
260	7282000 503293743
314	14842000 501573058
512	12921000 567475717
521	7826000 427826336
135	18313000 886409681
1956	5932000 140272336
306	5525000 343081944
324	5422000 293083507
423	10967000 461048201
504	14546000 552842602
522	6773000 416615361
531	7052000 368411247
540	7710000 415666691
136	23679000 729945670
145	7672000 166891516
235	6133000 496925681
316	27852000 696526549
361	10122000 427843411
514	7402000 390489235
631	5428000 129237733
640	9163000 300944228
155	11494000 746346340
218	88598000 2218355179
254	10077000 570520157
281	7673000 502448042
290	7876000 310002915
434	5836000 300189088
452	5130000 320314787
470	6172000 293754188
506	7178000 263304966
632	6444000 141460951
138	35127000 847570773
237	6257000 469787855
246	8642000 168166787
255	8364000 452643030
273	17177000 663898502
354	5565000 361878002
435	6397000 386904361
633	7277000 233492317
148	69922000 2056826674
229	10034000 619116985
265	7054000 197442709
364	12167000 614248432
490	23225000 289456837
670	8938000 381614462
11	364065000 4588028132
158	5977000 483480414
338	5419000 265555893
446	23270000 670463064
455	5357000 350912059
473	6291000 369479508
491	7154000 369726191
590	5874000 72317573
644	8673000 362531312
662	8448000 197868659
12	5868000 387137741
21	8763000 639028416
294	32247000 448534004
339	5290000 259046840
357	7212000 441260691
438	18910000 638289607
492	6843000 222109287
537	6248000 364832633
555	5720000 340180094
573	5497000 197427861
582	5339000 306699380
762	8071000 397299839
259	8150000 521757891
358	6131000 375804437
40	24082000 789169608
448	5197000 279021207
916	8989000 238909900
934	7621000 195416231
970	5009000 273575759
14	11607000 541770872
269	18343000 634223376
278	20114000 473748925
32	11069000 381416531
494	7507000 251319492
584	7598000 327462146
737	17645000 348686212
773	5583000 334528391
845	6176000 328671171
378	11508000 334285193
648	6123000 88476867
747	9368000 462378104
25	12668000 815546142
379	9783000 497675414
397	5625000 404435700
568	5975000 208005916
667	10616000 319071938
775	5247000 306071990
829	5935000 285354866
659	5415000 137368433
677	5182000 208901680
686	6182000 284551566
71	6643000 378872516
866	5790000 270850415
18	5917000 105203477
27	72134000 1738690885
45	6581000 390143131
678	5909000 207352000
687	5107000 257785606
777	7556000 418240608
90	22062000 1149904373
993	9231000 161254790
28	10111000 361353509
46	8827000 577789918
499	5252000 235179094
55	65412000 1163887215
598	5362000 239755252
64	48262000 1339940451
73	18749000 365170222
91	12248000 203403767
56	15752000 911273584
83	32212000 866900576
897	14297000 329012439
987	17804000 510873755
1	197522000 3782366828
1132	7113000 314336428
1141	5688000 177654287
49	12702000 546298885
85	8801000 292541571
1025	6839000 314196289
2	42927000 1098672058
77	43454000 1118768516
86	8823000 283990057
3	450031000 5282012108
69	22631000 725699349
87	18484000 587768077
1144	6185000 141499342
1810	5515000 195026143
4	78097000 1379386745
1019	5355000 274086768
2072	5781000 204691301
5	5930000 114926871
89	7204000 439891471
1065	5662000 103570134
6	601374000 5668459801
7	86898000 2053341660
1751	5923000 48249741
1644	8606000 284394825
1770	5186000 180867613
220	5412000 397036913
90	148	8383592 131356954
90	218	9201083 124549606
1	11	103914543 702864488
1	135	9676513 119596990
1	136	10480526 95336022
1	138	14175836 107004686
1	14	5427657 68696627
1	148	31869632 269132010
1	155	6853398 98963815
1	2	15917049 201861413
1	205	9692460 65051958
1	21	5157454 102992679
1	215	9183819 64122915
1	218	37420532 254032093
1	229	5904340 76344972
1	230	5043312 71320415
1	25	7386657 136886512
1	254	5897839 63848654
1	269	8385819 61356037
1	27	28744286 260702340
1	273	8421398 63621421
1	278	8391414 41114744
1	294	10799959 39068375
1	3	115723954 907461491
1	303	10289960 70185146
1	314	6883838 44263593
1	316	11658465 61963394
1	32	5121578 51940545
1	361	5405881 36682281
1	364	6963645 54708134
1	378	4961064 24412345
1	379	5643706 43298315
1	4	25422533 238950971
1	40	10806860 122495900
1	423	5875816 39447028
1	438	9571032 51612349
1	446	10136167 42386457
1	46	5066357 88929923
1	49	6343973 82389457
1	490	7836340 18112771
1	504	7063547 31741198
1	512	7247582 36426337
1	55	21904890 158186888
1	56	8680570 130608726
1	6	142051720 900764404
1	64	19833186 178661886
1	69	9841317 102726549
1	7	33627602 339837325
1	73	6557486 47871049
1	737	7509390 12415746
1	747	5632456 17823222
1	77	17745915 157222409
1	83	13828770 120184622
1	87	8451086 68167050
1	897	6574135 6571929
1	90	12211859 168718390
1	987	8774794 8757849
2	11	24873851 202129574
2	148	8412636 82058129
2	218	9727310 77172823
2	27	7891551 85536762
2	3	27071536 252074008
2	4	6239914 67985441
2	55	5535684 50398464
2	6	32583081 252161343
2	64	5364005 60403624
2	7	9427378 113738849
2	77	5179464 57693958
3	1025	5337927 6386305
3	11	198822181 969018274
3	1132	5625696 5969507
3	135	13578445 138095305
3	136	16119883 113250428
3	138	22921088 130803745
3	14	8227434 82835341
3	142	5744325 80342354
3	148	48690265 326652819
3	155	8964808 111200147
3	1644	6625550 4922905
3	1838	5004255 1531565
3	205	15427773 82097218
3	21	6791699 116041254
3	215	14694937 78099000
3	218	59315047 309727360
3	229	7781234 85751991
3	230	6440376 79073671
3	233	5185647 63768436
3	237	4978903 58025083
3	246	5385559 20183284
3	25	9789531 155746736
3	254	7780542 71027618
3	255	6421629 54328701
3	259	6366121 62853929
3	260	5747765 62253172
3	265	4965651 21465929
3	269	12639616 71552019
3	27	48107649 342671640
3	273	12214062 73284344
3	278	13698490 51405098
3	28	7486963 66875943
3	281	5994809 57931344
3	290	5507357 29926496
3	294	19432977 51234431
3	2952	5503179 0
3	303	15111174 81598432
3	314	10341228 51411381
3	316	18557814 74261477
3	32	8144049 67571844
3	321	6848550 24166857
3	357	5637620 46147108
3	361	7531977 41474521
3	364	9315327 61551891
3	378	7811934 29124497
3	379	7502024 48276168
3	4	46284596 338116203
3	40	16610419 147763021
3	423	8192461 44943806
3	438	13789390 59795752
3	446	15798336 50069564
3	45	5018206 67021972
3	46	6773870 100640909
3	49	9384387 99337549
3	490	14036495 23495302
3	491	5482120 32496373
3	494	5396603 18943884
3	504	10334032 36337001
3	506	5307776 20364562
3	512	9816071 40677840
3	514	5732079 25434547
3	521	6075965 32470611
3	522	5348084 29706276
3	531	5464514 23843845
3	540	5986063 26628222
3	55	39275630 209237355
3	56	11927810 151041141
3	584	5461357 13286798
3	6	294703801 1320652039
3	633	5035599 10257666
3	64	32050495 222552425
3	640	6436469 14028372
3	644	6302155 13422552
3	662	5791925 9571093
3	667	7369618 13686439
3	670	6560846 11875049
3	69	15367115 124041210
3	7	56973038 455963541
3	73	11524012 61865058
3	737	11872375 14567473
3	747	7337370 19790954
3	762	6267110 16968275
3	77	28704593 194494715
3	777	5981972 15362415
3	83	22142795 150458432
3	85	6431436 47650326
3	86	6370229 44080119
3	87	13500867 87097515
3	89	5427146 66484614
3	897	10474615 8312427
3	90	16697327 194397517
3	91	7416392 32609957
3	916	6419309 6429365
3	934	5627609 4024646
3	987	12791441 10015159
3	993	6020421 3033062
4	11	41453675 261755234
4	138	5427829 37493429
4	148	12169093 94750120
4	218	14415096 89668908
4	27	11607994 96834333
4	55	8709016 58286774
4	6	56706634 341453137
4	64	7687259 63330574
4	7	13553806 127106049
4	77	6861493 55621527
4	83	5449111 42837666
64	148	10979347 112859214
64	218	12572896 106267732
64	77	6495179 74984456
155	218	5777744 87835967
215	218	5875025 51224430
6	1025	6062753 6999965
6	11	248682747 1101258629
6	1132	6362341 6544947
6	1144	5047712 1691573
6	12	5131218 75604693
6	135	15645225 152335013
6	136	19014729 125660358
6	138	27354043 145820820
6	14	9589536 91761913
6	142	6510418 88155383
6	145	5822003 27648441
6	148	57069773 362801728
6	155	10181840 122238277
6	158	5377396 75076870
6	1644	7555034 5405132
6	1838	5699629 1676503
6	1956	5123359 368230
6	205	17894359 91088818
6	2072	5181461 901938
6	21	7733686 127805700
6	215	17328718 86754057
6	218	70236445 344375163
6	229	8857295 94250358
6	230	7284839 86766143
6	233	5849506 69987508
6	235	5561104 67492189
6	237	5624742 63710403
6	246	6513952 22540498
6	25	11149572 171469608
6	254	8864053 78107340
6	255	7330757 59791940
6	259	7228313 69073633
6	260	6515210 68467199
6	265	5800457 23806698
6	269	14851834 79187824
6	27	56999651 383002235
6	273	14233156 80971325
6	278	16141071 57182238
6	28	8617172 74018903
6	281	6806071 63607960
6	290	6451555 33052206
6	294	23708961 57552260
6	2952	6221657 0
6	303	17610883 90244959
6	314	12126418 56878450
6	316	22011564 82429121
6	32	9390098 74808529
6	321	7959574 26711483
6	357	6399405 50629548
6	358	5434105 41596628
6	361	8664210 45644671
6	364	10637363 67751562
6	378	9227860 32236658
6	379	8571033 53099049
6	397	4985678 28526231
6	40	19534266 164456247
6	423	9424101 49520262
6	434	5087775 31916028
6	435	5626613 35200025
6	438	15965878 66046547
6	446	18631893 55412649
6	45	5732049 73757926
6	46	7732892 110870811
6	470	5412310 26454835
6	473	5582650 31574555
6	49	10826042 109900001
6	490	17113278 26387939
6	491	6260957 35704132
6	492	5679637 18748211
6	494	6267177 20876153
6	504	12039855 40048122
6	506	6117915 22410142
6	512	11231938 44703588
6	514	6519751 27930267
6	521	6916306 35714241
6	522	6058029 32605411
6	531	6224699 26214865
6	537	5559541 26451575
6	540	6812962 29227907
6	55	47941430 235526762
6	555	5113728 22385188
6	56	13658213 166381614
6	568	5096403 13391802
6	584	6338825 14617617
6	632	5203594 8835420
6	633	5920940 11336865
6	64	38045787 248197956
6	640	7526365 15480240
6	644	7289607 14762451
6	662	6822982 10575309
6	667	8650802 15118397
6	670	7565756 13049930
6	678	4983014 9033106
6	686	5415693 16538587
6	69	18139570 137865671
6	7	67837272 511922038
6	71	5638214 58836765
6	73	13975998 69392336
6	737	14060459 16147672
6	747	8326704 21729902
6	762	7133928 18637898
6	77	34149324 216977620
6	773	5016168 15055087
6	777	6769446 16851501
6	829	5250437 11246543
6	83	26062559 167548762
6	845	5528118 11517521
6	85	7441822 52789618
6	86	7393481 48746420
6	866	5100849 8175983
6	87	15601265 96570093
6	89	6227964 73266905
6	897	12092420 9177495
6	90	19134453 214488475
6	91	9050099 36811963
6	916	7473913 7084676
6	934	6480731 4442238
6	987	14864391 11033278
6	993	7186596 3356711
7	11	52987586 422209708
7	135	5191738 66853026
7	136	5793084 57509420
7	138	8113906 68205432
7	148	16816790 150195220
7	205	8869531 59752038
7	215	5771544 43899519
7	218	19705138 140885179
7	27	23224407 223334223
7	278	6983492 35215124
7	28	5192413 57156902
7	294	5786451 22420709
7	303	5361014 40239888
7	316	6270146 36582017
7	32	5567127 57098773
7	40	5742002 72645773
7	438	5248686 29743798
7	446	5614865 26315158
7	55	11739027 95262736
7	64	10746834 108293676
7	69	5766514 66704816
7	77	9847860 96583669
7	83	10489172 96063958
7	87	9067950 72347612
7	897	7076949 7101586
7	90	6312542 90198068
218	229	5148703 74462992
218	254	5349099 63520176
218	255	5046256 53195244
218	269	5979677 55344281
218	273	6338702 58565981
218	278	4967609 32444431
218	294	6200312 31084568
218	303	7773267 64792057
218	316	7620212 52777539
218	364	5686830 51293983
218	438	6476969 43530284
218	446	6740587 36907181
218	504	5617816 30714762
218	512	5890273 34407240
218	987	7468732 8856238
69	148	5860977 67351783
69	218	6688993 64575844
40	148	6487626 73384251
40	218	7381935 70513761
11	1025	5355269 6725372
11	1132	5674881 6296982
11	135	13396429 144419410
11	136	15287044 116683149
11	138	21331591 133786434
11	14	7880743 85382327
11	142	5745715 84438155
11	148	46835227 339323421
11	155	8989955 117037976
11	1644	6593034 5151628
11	1838	5002010 1615067
11	205	14805178 84435448
11	21	6803291 122112787
11	215	13936012 80550961
11	218	55968209 319446741
11	229	7775664 90122341
11	230	6498675 83344157
11	233	5273651 67524818
11	235	5018677 65081695
11	237	5031184 61281749
11	25	9769201 163264961
11	254	7782705 74809486
11	255	6400766 57184064
11	259	6392587 66310907
11	260	5806002 65749167
11	269	12046433 74071189
11	27	45001041 348806445
11	273	11773606 75983662
11	278	12930265 52864659
11	28	7230583 68447300
11	281	6016100 61098505
11	290	5266718 30882646
11	294	17495114 51775734
11	2952	5567436 0
11	303	14597441 84941140
11	314	9910404 53359420
11	316	17484323 76828340
11	32	7848902 69173930
11	321	6570662 24928744
11	357	5665361 48692443
11	361	7426695 43469700
11	364	9283623 64796474
11	378	7382332 29957320
11	379	7502810 50888794
11	40	15812781 151893869
11	423	8123139 47212697
11	438	13552023 62702384
11	446	14928191 51741403
11	45	5000767 70229999
11	46	6743612 105625087
11	49	9222133 103697891
11	490	12644110 23762831
11	491	5479533 34262595
11	494	5231998 19733131
11	504	9951018 37836682
11	506	5245054 21428861
11	512	9765907 42804279
11	514	5745175 26817306
11	521	6101582 34260342
11	522	5397635 31368366
11	531	5478235 25100829
11	540	6007668 28078913
11	55	35359429 210603709
11	56	11824594 157931435
11	584	5238524 13711173
11	64	30064344 228356169
11	640	6167838 14535223
11	644	6085433 13928375
11	662	5517198 9947928
11	667	7068929 14257393
11	670	6352634 12354092
11	69	14603560 127898973
11	73	10453965 62600129
11	737	11230803 15129942
11	747	7362212 20888508
11	762	6287889 17907606
11	77	26958702 199609484
11	777	6045153 16242096
11	83	21028411 154741058
11	85	6195379 48977513
11	86	6122197 45327583
11	87	12979816 89561835
11	89	5384423 69823274
11	897	10082922 8554521
11	90	16595765 204040864
11	91	6701207 32945657
11	916	6239354 6727882
11	934	5447643 4174991
11	987	12345471 10431196
11	993	5621085 3140393
135	148	6208188 90353013
135	218	6921589 86505225
136	148	5970853 69389920
136	218	6852517 67081808
77	148	10039511 104592002
77	218	11466414 99132346
138	148	7892854 80002875
138	218	9107826 76385795
83	148	7458059 76672796
83	218	8567373 71418731
205	218	5858868 47296799
25	148	6026732 97948400
25	218	6513381 92200141
55	148	10749103 90043061
55	218	12734387 86673223
55	64	6822250 63029767
55	77	6211458 57980240
56	148	5643498 86745879
56	218	6263291 82957411
27	136	4969359 50139884
27	138	6793156 57486407
27	148	14379106 133062894
27	205	8762934 59594821
27	215	5402148 40736400
27	218	16820041 124581514
27	278	6790433 35429098
27	294	4971005 19919470
27	316	5344020 31689182
27	49	5691813 76371640
27	55	10015184 83342223
27	64	9211702 95481893
27	77	8425021 84336355
27	83	9163708 86400347
27	87	8076054 65862872
27	897	6271175 6446745
27	90	5668411 83490039
87	218	5041828 41255949
148	155	5334163 90363355
148	205	5030863 48550295
148	215	5151631 51251355
148	218	30077241 248061416
148	254	5014442 60960001
148	269	5293135 50909616
148	273	5633462 54082529
148	294	5259878 28579279
148	303	6995626 60505836
148	316	6707066 49428822
148	364	5224176 48628807
148	438	5838344 41294784
148	446	5909177 34428170
148	504	5011797 28584839
148	512	5422345 32903352
148	987	7780792 8923170
3	27	138	5516677 50623186
3	27	148	11934288 117620296
3	27	205	7408665 52602504
3	27	218	13782791 109978487
3	27	278	5663502 31212733
3	27	55	7835980 72238240
3	27	64	7520678 83960813
3	27	77	6863404 74122173
3	27	83	7616766 75994301
3	27	87	6846282 58122892
3	27	897	5326312 5726508
1	90	148	6113090 106701080
1	90	218	6605635 101003877
3	148	218	25192163 219234721
3	148	303	5979189 54058780
3	148	316	5613850 44006153
3	148	438	5024470 36991541
3	148	446	4983933 30793017
3	148	987	6638370 7992620
6	25	148	5824196 96429578
6	25	218	6274913 90773639
6	55	148	9779268 87285467
6	55	218	11440450 83968974
6	55	64	6101054 60857411
6	55	77	5552129 56054734
6	56	148	5438934 85416733
6	56	218	6010952 81682159
1	2	11	11794877 139187566
1	2	148	5208614 63787081
1	2	218	5808576 59810693
1	2	3	12090177 162331871
1	2	6	13895488 164913775
1	2	7	5241856 81522322
3	90	148	7291889 117665927
3	90	218	7957964 111534764
6	27	138	6231335 55781026
6	27	148	13397439 129599752
6	27	205	8270191 57943328
6	27	215	5033663 39665348
6	27	218	15525305 121235638
6	27	278	6348929 34431696
6	27	49	5410724 74604560
6	27	55	8936476 80028432
6	27	64	8483746 92692643
6	27	77	7750439 81828275
6	27	83	8554949 83856980
6	27	87	7633578 64036554
6	27	897	5931748 6283592
6	27	90	5404303 81952899
1	3	11	72504401 593282297
1	3	135	8057644 106467386
1	3	136	8324470 83932043
1	3	138	10974077 93353299
1	3	148	25612210 236361179
1	3	155	5855516 88665622
1	3	205	7867581 57146952
1	3	215	7266471 56299690
1	3	218	29499440 222772973
1	3	229	5026966 68440574
1	3	25	6277405 122239865
1	3	254	5008601 57173870
1	3	269	6738811 54328741
1	3	27	22434988 225811214
1	3	273	6869367 56460601
1	3	278	6630650 35996867
1	3	294	7909143 33569591
1	3	303	8385709 62216253
1	3	314	5538291 39217844
1	3	316	9160386 54543309
1	3	364	5894440 48943705
1	3	4	18455900 199487337
1	3	40	8617277 107229709
1	3	438	7892835 45844185
1	3	446	8056486 37484142
1	3	49	5245983 72907687
1	3	490	5748958 15577336
1	3	504	5769146 28303741
1	3	512	6112015 32651623
1	3	55	16067934 135550957
1	3	56	7303419 116470910
1	3	6	92110067 739944140
1	3	64	15521207 155848464
1	3	69	7805243 90172877
1	3	7	25979820 292040515
1	3	737	5910485 10964285
1	3	77	13826103 137101700
1	3	83	10970492 105034630
1	3	87	6895219 59940484
1	3	897	5371774 5816122
1	3	90	10266495 150144632
1	3	987	7182562 7813302
11	83	148	6395097 71761075
11	83	218	7191240 66507111
6	148	155	5170079 89087570
6	148	218	28254004 241783573
6	148	269	5016384 49952447
6	148	273	5365181 53084141
6	148	303	6661837 59397426
6	148	316	6291627 48384209
6	148	364	5047955 47943577
6	148	438	5585929 40600457
6	148	446	5568526 33764076
6	148	512	5228444 32428850
6	148	987	7400020 8763661
7	27	148	7206361 80561762
7	27	205	5640030 44019899
7	27	218	8203911 74734755
7	27	83	5614431 62414741
7	27	87	5847149 53915510
1	4	11	17674770 167290178
1	4	148	6933215 69594408
1	4	218	7879041 65638848
1	4	27	5913623 65195654
1	4	6	21493131 204628112
1	4	7	6794810 83787206
1	64	148	7040049 88049221
1	64	218	7814834 82722693
2	3	11	18170888 173087104
2	3	148	6908888 72703239
2	3	218	7865443 68305204
2	3	27	6354910 74986105
2	3	6	22397826 211495720
2	3	7	7544340 99144297
7	148	218	10330562 105247921
11	25	148	5502267 93517948
11	25	218	5874987 87578552
11	55	148	8649006 82708504
11	55	218	9939514 78933759
11	55	64	5275149 57125845
148	218	303	5107120 52215929
148	218	987	5285497 7602371
6	90	148	8082156 129248313
6	90	218	8833069 122521528
1	6	11	85276514 663352051
1	6	135	9034066 117035034
1	6	136	9459174 92494468
1	6	138	12560714 103261726
1	6	14	4967362 66760823
1	6	148	29017851 261156922
1	6	155	6512403 97322642
1	6	205	8878760 63045516
1	6	215	8264164 62123406
1	6	218	33596160 246250290
1	6	229	5600634 75086613
1	6	25	6994858 134259105
1	6	254	5581893 62740392
1	6	269	7630663 59825580
1	6	27	25601542 250432275
1	6	273	7746738 62116065
1	6	278	7539527 39767682
1	6	294	9188746 37302136
1	6	303	9464048 68545385
1	6	314	6276181 43176328
1	6	316	10437027 60171943
1	6	361	5051618 35973406
1	6	364	6578042 53770548
1	6	379	5335783 42574593
1	6	40	9790714 118590152
1	6	423	5500105 38669664
1	6	438	8878861 50468904
1	6	446	9144760 41254911
1	6	49	5893875 80335960
1	6	490	6675677 17310901
1	6	504	6502626 31087028
1	6	512	6823548 35791427
1	6	55	18653849 150761445
1	6	56	8160320 127936124
1	6	64	17706199 172490172
1	6	69	8874299 99583917
1	6	7	29739934 324614792
1	6	73	5637855 45800809
1	6	737	6739810 12088452
1	6	747	5359295 17572401
1	6	77	15807887 151789807
1	6	83	12474437 116148379
1	6	87	7765876 66082080
1	6	897	6047903 6392349
1	6	90	11483543 165255261
1	6	987	8092820 8578687
11	56	148	5136936 82941474
11	56	218	5618301 78812966
3	4	11	28867198 219076310
3	4	148	9694787 82766175
3	4	218	11268003 78209017
3	4	27	9018268 83301385
3	4	55	6354556 49585643
3	4	6	36890998 277893840
3	4	64	5965205 54881232
3	4	7	10425474 108442630
3	4	77	5297604 48177918
3	64	148	9158855 100033622
3	64	218	10354206 94108820
3	64	77	5334504 66293894
1	7	11	25432964 279633624
1	7	148	10269351 114052167
1	7	205	5140809 43333929
1	7	218	11600724 106518402
1	7	27	12848493 153920367
1	7	55	6029527 66393567
1	7	64	6237393 80556420
1	7	77	5723174 72561500
1	7	83	6063688 69910559
1	7	87	5207940 51544660
11	27	138	5507736 52712460
11	27	148	12122279 123615801
11	27	205	7446990 54714546
11	27	218	13853772 115055131
11	27	278	5684613 32587586
11	27	49	4981498 71332422
11	27	55	7674651 74451902
11	27	64	7543393 87709444
11	27	77	6893366 77389388
11	27	83	7660171 79209885
11	27	87	6873895 60455982
11	27	897	5345061 5939731
11	27	90	5023187 78983241
2	6	11	21107554 192443981
2	6	148	7776189 79938559
2	6	218	8890043 75125578
2	6	27	7187309 82704458
2	6	7	8548683 109542615
1	218	303	5273051 52067365
1	218	987	5056875 7183930
11	148	218	25701032 230748043
11	148	273	4973940 51192826
11	148	303	6180039 57345618
11	148	316	5755651 46570563
11	148	438	5246097 39391583
11	148	446	5107740 32551618
11	148	987	6815418 8443022
3	6	11	152055218 896056948
3	6	1132	5244871 5869502
3	6	135	12267760 134495226
3	6	136	13912500 108945772
3	6	138	19328078 124913383
3	6	14	7252302 79876809
3	6	142	5333023 78863786
3	6	148	42593534 314685669
3	6	155	8303607 109049840
3	6	1644	6098048 4824333
3	6	205	13705300 78957633
3	6	21	6275491 113638579
3	6	215	12677586 74980141
3	6	218	50845182 297804915
3	6	229	7189039 84099316
3	6	230	6015362 77740925
3	6	25	9026277 152190300
3	6	254	7168385 69566880
3	6	255	5897344 53168051
3	6	259	5900833 61703999
3	6	260	5360056 61157937
3	6	269	10999362 69289757
3	6	27	41066977 325696877
3	6	273	10801148 71129877
3	6	278	11817023 49265703
3	6	28	6727900 64301543
3	6	281	5559263 56902862
3	6	294	15625308 48236051
3	6	2952	5141557 0
3	6	303	13367714 79243204
3	6	314	9044003 49831594
3	6	316	15843345 71528685
3	6	32	7296640 64954476
3	6	321	6056899 23310399
3	6	357	5228296 45335998
3	6	361	6812077 40500122
3	6	364	8552630 60313589
3	6	378	6731285 28109301
3	6	379	6896552 47319797
3	6	40	14432689 141783122
3	6	423	7429700 43879312
3	6	438	12353847 58181012
3	6	446	13622362 48368712
3	6	46	6225062 98381114
3	6	49	8452852 96275580
3	6	490	11304428 22149770
3	6	491	5037419 31883210
3	6	504	9138798 35406781
3	6	512	8974917 39832335
3	6	514	5289122 24969438
3	6	521	5617849 31874745
3	6	522	4985160 29213727
3	6	531	5048789 23386792
3	6	540	5536550 26158909
3	6	55	31557073 196386250
3	6	56	10887135 147327211
3	6	64	27312969 212711691
3	6	640	5650822 13627410
3	6	644	5623639 13058578
3	6	662	5015457 9262941
3	6	667	6432579 13290145
3	6	670	5883363 11583715
3	6	69	13253044 119206037
3	6	7	48183745 429874472
3	6	73	9374226 58350029
3	6	737	10184530 14076685
3	6	747	6809738 19469958
3	6	762	5797006 16679997
3	6	77	24381837 185903307
3	6	777	5583832 15125385
3	6	83	19203736 144108537
3	6	85	5748315 45881768
3	6	86	5662957 42456514
3	6	87	12055824 83804745
3	6	897	9367890 8035482
3	6	90	15243800 189655689
3	6	91	5985147 30607183
3	6	916	5684488 6258786
3	6	934	5055413 3902324
3	6	987	11366316 9762763
3	6	993	5077665 2930065
3	7	11	39688094 360592027
3	7	138	6554735 60020770
3	7	148	13869993 132549803
3	7	205	7459554 52704957
3	7	218	16030383 124154587
3	7	27	19028797 194513521
3	7	278	5780338 31006288
3	7	316	5094594 32407832
3	7	55	9099554 82428868
3	7	64	8716325 95099512
3	7	77	7965315 84793692
3	7	83	8655113 84314558
3	7	87	7645106 63733554
3	7	897	5975059 6297682
3	7	90	5384750 80556383
4	6	11	33994318 245595014
4	6	148	11014293 91605780
4	6	218	12866900 86594111
4	6	27	10309056 92581818
4	6	55	7391491 55272287
4	6	64	6823125 60864750
4	6	7	11952391 120789467
4	6	77	6073342 53457685
6	64	148	10273638 110187479
6	64	218	11655257 103691782
6	64	77	6013147 73057489
11	90	148	7635490 125346650
11	90	218	8265284 118201401
3	218	269	5035609 49406815
3	218	273	5380378 52314219
3	218	303	6594393 57821263
3	218	316	6302334 46882843
3	218	438	5527660 38933079
3	218	446	5621690 32941485
3	218	512	5107498 30967625
3	218	987	6349631 7941922
4	7	11	10139626 102653502
4	7	27	5153997 56195146
6	155	218	5582741 86597146
1	11	135	8233324 112050429
1	11	136	8287600 87460323
1	11	138	10787341 96838159
1	11	148	25751864 247886708
1	11	155	6034933 93740784
1	11	205	7831530 59431351
1	11	215	7226332 58760752
1	11	218	29285864 232277490
1	11	229	5168457 72253640
1	11	25	6449809 128860776
1	11	254	5156737 60489487
1	11	269	6744266 56822980
1	11	27	22040235 233275550
1	11	273	6908923 59071281
1	11	278	6555043 37463206
1	11	294	7591856 34517564
1	11	303	8453617 65339551
1	11	314	5554966 41081473
1	11	316	9093374 57037241
1	11	364	6057985 51768866
1	11	40	8590687 111626354
1	11	423	5035454 37178657
1	11	438	8054967 48382074
1	11	446	7999647 39152705
1	11	49	5336155 76741381
1	11	490	5519325 16024325
1	11	504	5802763 29718292
1	11	512	6272310 34514044
1	11	55	15451576 139122808
1	11	56	7475072 122542123
1	11	64	15337575 162038609
1	11	69	7791355 94100467
1	11	737	5877311 11502745
1	11	747	4968522 16978006
1	11	77	13685808 142518803
1	11	83	10892780 109311107
1	11	87	6860398 62325999
1	11	897	5350769 6043959
1	11	90	10536560 158504136
1	11	987	7223953 8198132
3	69	218	5575543 57446968
2	11	148	6994645 76353769
2	11	218	7871891 71379714
2	11	27	6315420 77822994
3	40	148	5461417 65166138
3	40	218	6157830 62629887
6	7	11	45814230 401667139
6	7	136	5351111 55992164
6	7	138	7415041 66144517
6	7	148	15605947 146111857
6	7	205	8339333 58063687
6	7	215	5347216 42723376
6	7	218	18101473 136917470
6	7	27	21444181 215303990
6	7	278	6493287 34177638
6	7	294	5122393 21506031
6	7	303	5011982 39409891
6	7	316	5753471 35647782
6	7	32	5248313 55393231
6	7	40	5310304 70602387
6	7	446	5189709 25707402
6	7	55	10407929 91331068
6	7	64	9849462 104973909
6	7	69	5335961 64895226
6	7	77	9014821 93602867
6	7	83	9744880 93102205
6	7	87	8540153 70261368
6	7	897	6669964 6915820
6	7	90	5996534 88468698
3	11	135	10882365 127927919
3	11	136	11737664 101838216
3	11	138	15915438 115589393
3	11	14	6213500 74766567
3	11	148	36563280 295960455
3	11	155	7535469 104610867
3	11	1644	5479700 4606825
3	11	205	11766817 73593590
3	11	21	5680272 108845638
3	11	215	10699712 70113524
3	11	218	42672122 278055197
3	11	229	6491094 80567226
3	11	230	5500758 74780609
3	11	25	8138187 145283413
3	11	254	6476078 66774834
3	11	255	5299413 50969022
3	11	259	5361452 59345089
3	11	269	9361509 65150652
3	11	27	34115094 299232431
3	11	273	9319302 67038163
3	11	278	9930511 45875593
3	11	28	5830720 59759963
3	11	281	5051053 54754068
3	11	294	12302553 43936271
3	11	303	11556678 74894404
3	11	314	7729904 46971872
3	11	316	13261034 67085214
3	11	32	6307081 60387779
3	11	321	5194448 21870218
3	11	361	6046751 38678584
3	11	364	7693726 57802053
3	11	378	5649364 26277879
3	11	379	6219326 45447813
3	11	40	12220143 131824057
3	11	423	6625233 41943099
3	11	438	10890353 55420372
3	11	446	11467489 45424986
3	11	46	5593179 93975454
3	11	49	7456318 91228006
3	11	490	8904457 20180292
3	11	504	7886897 33579623
3	11	512	8051863 38226156
3	11	521	5095125 30629114
3	11	540	5022420 25176021
3	11	55	24878445 178049829
3	11	56	9729245 140256369
3	11	64	22746845 197323005
3	11	667	5499776 12588732
3	11	670	5123462 11004535
3	11	69	11203742 111335619
3	11	73	7468761 53297444
3	11	737	8547632 13263415
3	11	747	6183340 18742944
3	11	762	5254998 16051790
3	11	77	20290460 172390412
3	11	777	5113175 14597387
3	11	83	16213292 134027574
3	11	85	4954095 42798389
3	11	87	10386750 78138065
3	11	897	8084276 7521988
3	11	90	13651095 180913884
3	11	987	9825780 9264421
6	218	229	4967449 73377535
6	218	254	5149836 62527036
6	218	269	5630018 54265238
6	218	273	6004338 57447114
6	218	294	5556668 30038000
6	218	303	7362524 63566797
6	218	316	7086674 51597312
6	218	364	5475853 50545996
6	218	438	6159822 42761433
6	218	446	6301623 36152090
6	218	504	5332003 30196688
6	218	512	5657525 33894232
6	218	987	7082383 8702619
11	64	148	9346837 105494925
11	64	218	10457232 98779642
11	64	77	5393304 69498900
4	11	148	9684026 86461404
4	11	218	11111993 81201415
4	11	27	8805650 85558963
4	11	55	6074827 50605274
4	11	64	5850727 56783046
4	11	77	5208299 49839194
6	69	148	5520682 65887628
6	69	218	6254026 63163819
6	40	148	6113713 71724063
6	40	218	6909909 68921890
6	11	1025	5020796 6622054
6	11	1132	5345231 6195406
6	11	135	12284716 140869592
6	11	136	13462958 112579918
6	11	138	18400769 128251164
6	11	14	7067338 82554865
6	11	142	5393579 82967916
6	11	148	41750988 327743323
6	11	155	8422985 114886962
6	11	1644	6143398 5053278
6	11	205	13358233 81424815
6	11	21	6361882 119731207
6	11	215	12266662 77576645
6	11	218	49030266 308070254
6	11	229	7268297 88471901
6	11	230	6132669 82002505
6	11	233	4999318 66478537
6	11	25	9116282 159742261
6	11	254	7256611 73349818
6	11	255	5949879 56030515
6	11	259	5992920 65159406
6	11	260	5471085 64642159
6	11	269	10697261 71898713
6	11	27	39233932 332886156
6	11	273	10596044 73893963
6	11	278	11380716 50834909
6	11	28	6585966 65977973
6	11	281	5644565 60066082
6	11	294	14455606 49015246
6	11	2952	5255455 0
6	11	303	13143203 82648997
6	11	314	8832453 51828941
6	11	316	15259496 74213271
6	11	32	7131213 66669748
6	11	321	5903732 24103135
6	11	357	5313978 47877400
6	11	361	6815016 42506298
6	11	364	8633478 63558084
6	11	378	6487547 28985319
6	11	379	6984013 49932567
6	11	40	14001067 146189364
6	11	423	7471179 46148589
6	11	438	12335630 61104449
6	11	446	13140654 50119195
6	11	46	6275452 103386972
6	11	49	8429135 100701272
6	11	490	10458583 22520559
6	11	491	5100091 33644830
6	11	504	8959541 36932409
6	11	512	9045467 41959198
6	11	514	5365604 26350079
6	11	521	5708852 33659636
6	11	522	5085217 30872157
6	11	531	5121211 24644002
6	11	540	5622710 27609644
6	11	55	29214386 198868031
6	11	56	10937644 154265583
6	11	64	26189629 219086186
6	11	640	5515003 14147792
6	11	644	5517353 13576124
6	11	667	6287502 13872458
6	11	670	5783448 12070216
6	11	69	12854220 123278269
6	11	73	8731180 59368492
6	11	737	9838116 14657565
6	11	747	6909094 20565574
6	11	762	5885109 17617498
6	11	77	23414194 191472393
6	11	777	5702558 16001857
6	11	83	18583695 148675727
6	11	85	5616957 47272636
6	11	86	5525873 43768113
6	11	87	11762155 86404015
6	11	89	4973126 68322149
6	11	897	9147610 8286660
6	11	90	15355607 199330314
6	11	91	5555347 31107661
6	11	916	5621729 6560563
6	11	934	4964479 4056748
6	11	987	11153802 10186187
1	77	148	6456588 82177126
1	77	218	7142593 77458662
3	135	148	5372888 81048684
3	135	218	5950288 77581788
7	11	138	6532497 62452292
7	11	148	14048525 139049639
7	11	205	7490370 54828438
7	11	218	16062556 129666856
7	11	27	18908895 200838609
7	11	278	5784719 32285469
7	11	316	5107100 33982552
7	11	55	8883310 84772313
7	11	64	8713198 99144283
7	11	77	7980899 88396636
7	11	83	8681197 87766157
7	11	87	7663140 66241569
7	11	897	5989927 6531115
7	11	90	5552360 85183780
11	218	269	5124120 51800781
11	218	273	5491546 54868833
11	218	303	6744478 60861174
11	218	316	6395270 49334665
11	218	364	5131612 48836246
11	218	438	5725128 41260738
11	218	446	5700958 34626014
11	218	512	5295960 32800934
11	218	987	6464071 8339844
11	69	148	5071307 63343069
11	69	218	5664046 60227536
3	77	148	8353390 92640841
3	77	218	9423446 87753386
11	40	148	5594873 68762083
11	40	218	6238877 65579833
3	138	148	6545526 70877647
3	138	218	7456938 67623802
6	135	148	5959080 88865539
6	135	218	6612641 85077778
6	136	148	5620044 67887450
6	136	218	6402655 65628737
6	77	148	9382202 102039348
6	77	218	10619748 96693260
1	83	218	5344586 55937996
6	138	148	7353118 77994539
6	138	218	8405710 74450103
27	148	218	8939889 93446921
1	55	148	6261575 67539503
1	55	218	7127363 64579036
11	135	148	5606932 86148156
11	135	218	6152010 81915499
3	83	148	6256028 68060588
3	83	218	7101286 63315909
1	27	148	8876520 101094013
1	27	205	5116834 43225601
1	27	218	10022465 94281232
1	27	55	5218637 58186676
1	27	64	5415562 71257490
1	27	83	5361835 62961162
11	77	148	8531796 97615216
11	77	218	9519043 91861404
3	25	148	5266649 87961873
3	25	218	5667270 82791230
3	55	148	8627283 79063192
3	55	218	10044836 76039135
3	55	64	5354261 55142548
90	148	218	6498061 103583539
1	148	218	19037295 189341237
1	148	987	5294021 7240458
11	138	148	6645316 74463744
11	138	218	7484818 70580892
3	56	218	5420031 74553725
6	83	148	7005735 74874887
6	83	218	7977822 69687907
1	3	27	148	7615831 90008169
1	3	27	218	8540813 83882803
3	11	77	148	7251883 86742066
3	11	77	218	8031322 81605672
6	27	148	218	8604730 91663325
1	3	148	218	16344516 168380199
1	6	55	148	5907194 65915446
1	6	55	218	6685670 63022781
3	6	83	148	5937310 66552505
3	6	83	218	6698019 61875416
6	11	135	148	5424834 84816041
6	11	135	218	5936202 80648839
1	3	90	148	5388728 95826128
1	3	90	218	5807862 90693613
1	6	27	148	8474627 98962688
1	6	27	218	9523287 92262748
1	6	27	64	5137543 69637131
1	6	27	83	5105215 61479680
3	6	25	148	5108261 86637263
3	6	25	218	5485192 81549899
3	6	55	148	8006030 76827125
3	6	55	218	9243856 73869623
6	11	77	148	8102340 95452662
6	11	77	218	8993771 89825980
6	90	148	218	6343597 102184971
1	6	148	218	18205925 185347157
1	6	148	987	5102921 7130545
1	7	27	218	5404458 58626148
3	6	56	218	5234458 73449906
6	11	138	148	6297610 72777687
6	11	138	218	7054853 68981710
1	2	3	11	9508744 121799053
1	2	3	6	10919837 142936911
11	27	148	218	8051623 88360571
3	6	27	138	5144889 49232017
3	6	27	148	11263051 114736270
3	6	27	205	7035240 51209526
3	6	27	218	12923403 107217550
3	6	27	278	5343516 30378679
3	6	27	55	7164368 69626307
3	6	27	64	7036923 81683078
3	6	27	77	6414231 72070420
3	6	27	83	7182029 73880345
3	6	27	87	6507144 56578557
3	6	27	897	5065661 5587490
1	11	55	148	5402693 63059276
1	11	55	218	6037901 59885229
1	6	90	148	5952955 105193791
1	6	90	218	6420290 99563975
3	11	83	148	5466278 63894242
3	11	83	218	6099747 59166661
3	6	148	218	23867798 213952604
3	6	148	303	5733828 53109007
3	6	148	316	5325694 43125632
3	6	148	987	6350173 7855382
3	7	27	148	6234495 71886598
3	7	27	218	7062294 66641459
3	7	27	87	5052534 47868049
1	3	4	11	13816239 143969586
1	3	4	148	5816239 61421115
1	3	4	218	6549123 57897261
1	3	4	6	16276544 173864533
1	3	4	7	5569807 72863201
1	3	64	148	6061347 78575026
1	3	64	218	6685593 73784681
3	7	148	218	8933419 93926420
1	11	27	148	7854911 95118708
1	11	27	218	8738024 88300154
1	2	6	11	10772942 134529409
1	2	6	148	4958946 62485091
1	2	6	218	5500159 58572726
11	90	148	218	6074356 99488253
3	11	25	218	5156662 78734208
3	11	55	148	7190899 73000422
3	11	55	218	8180142 69650779
3	6	90	148	7062447 115831427
3	6	90	218	7686068 109777157
1	11	148	218	16883769 178040417
1	3	6	11	62892091 564873905
1	3	6	135	7636776 104323865
1	3	6	136	7693129 81648797
1	3	6	138	10007101 90404668
1	3	6	148	23821127 229878135
1	3	6	155	5622549 87256799
1	3	6	205	7338273 55513445
1	3	6	215	6699429 54699286
1	3	6	218	27183279 216524234
1	3	6	25	6011646 120016022
1	3	6	269	6273560 53083099
1	3	6	27	20529466 217737036
1	3	6	273	6440964 55220643
1	3	6	278	6105643 34921298
1	3	6	294	7001909 32226278
1	3	6	303	7861590 60862350
1	3	6	314	5158000 38328820
1	3	6	316	8422339 53099843
1	3	6	364	5636235 48145113
1	3	6	40	7979975 104099696
1	3	6	438	7444783 44891039
1	3	6	446	7449573 36569057
1	3	6	49	4950052 71213527
1	3	6	490	5093694 14963508
1	3	6	504	5416116 27761213
1	3	6	512	5828274 32110967
1	3	6	55	14249934 129976777
1	3	6	56	6957098 114225741
1	3	6	64	14236957 150976905
1	3	6	69	7211756 87654508
1	3	6	7	23648701 280361797
1	3	6	737	5439445 10699091
1	3	6	77	12657168 132808327
1	3	6	83	10125198 101804323
1	3	6	87	6444138 58240024
1	3	6	897	5024838 5667475
1	3	6	90	9780556 147221811
1	3	6	987	6744505 7664019
6	11	83	148	6092376 70227567
6	11	83	218	6813830 65052561
6	7	27	148	6921072 78934506
6	7	27	205	5411710 43018562
6	7	27	218	7850353 73191960
6	7	27	83	5371312 60926150
6	7	27	87	5606641 52650259
1	3	7	11	20654437 243483380
1	3	7	148	8778177 101471459
1	3	7	218	9844298 94694368
1	3	7	27	10862612 135540941
1	3	7	55	4972838 58386023
1	3	7	64	5282399 71484677
1	3	7	83	5158160 61999211
1	4	6	11	15805972 160147341
1	4	6	148	6520257 67779805
1	4	6	218	7360971 63901305
1	4	6	27	5488991 63019285
1	4	6	7	6282172 80704126
1	6	64	148	6741100 86354321
1	6	64	218	7449899 81112236
2	3	6	11	16102444 165867050
2	3	6	148	6486323 70952910
2	3	6	218	7327978 66630003
2	3	6	27	5898701 72702200
2	3	6	7	6979874 95821495
3	11	27	148	10295974 109646632
3	11	27	205	6369936 48444404
3	11	27	218	11673220 101966512
3	11	27	55	6267326 65040087
3	11	27	64	6335730 77485710
3	11	27	77	5776686 68337770
3	11	27	83	6486691 69954255
3	11	27	87	5889658 53511842
6	7	148	218	9924746 103168775
1	11	90	148	5683816 102333186
1	11	90	218	6084205 96392566
3	11	148	218	21874107 204520757
3	11	148	303	5350688 51326577
3	11	148	987	5880260 7576272
6	11	25	148	5345661 92146669
6	11	25	218	5697590 86300918
6	11	55	148	8081889 80474683
6	11	55	218	9220933 76787118
6	148	218	303	4953273 51427961
6	148	218	987	5114818 7492371
3	4	6	11	24928337 207472052
3	4	6	148	8962460 80228169
3	4	6	218	10317703 75755694
3	4	6	27	8215521 79970116
3	4	6	55	5605492 47333573
3	4	6	64	5435851 52945186
3	4	6	7	9446180 103610304
3	6	64	148	8671600 97799722
3	6	64	218	9741393 91973165
3	6	64	77	5010981 64708661
6	11	56	148	4984888 81741679
6	11	56	218	5438996 77673553
1	2	11	218	5032364 56132120
1	6	7	11	23369250 269671950
1	6	7	148	9782328 111568732
1	6	7	218	10993556 104149962
1	6	7	27	12139667 149514434
1	6	7	55	5595080 64355645
1	6	7	64	5901082 78647357
1	6	7	77	5410939 70837346
1	6	7	83	5757064 68205427
1	6	7	87	4971153 50343620
3	11	90	148	6698918 112407958
3	11	90	218	7227155 105979657
6	11	27	138	5166715 51331465
6	11	27	148	11494335 120706643
6	11	27	205	7093166 53325203
6	11	27	218	13061870 112289695
6	11	27	278	5384946 31756767
6	11	27	55	7075370 71905098
6	11	27	64	7099620 85444629
6	11	27	77	6479522 75343588
6	11	27	83	7251290 77096214
6	11	27	87	6551830 58917260
6	11	27	897	5098076 5801060
1	3	11	135	7038375 100031771
1	3	11	136	6863793 77443235
1	3	11	138	8781135 85108604
1	3	11	148	21478493 218761148
1	3	11	155	5251259 84123976
1	3	11	205	6560568 52478188
1	3	11	215	5966417 51908235
1	3	11	218	24153454 204827275
1	3	11	25	5589831 115330289
1	3	11	269	5640328 50534056
1	3	11	27	18026314 203644067
1	3	11	273	5826245 52618984
1	3	11	278	5406191 33007480
1	3	11	294	5960255 29978797
1	3	11	303	7123765 58128861
1	3	11	316	7485814 50474728
1	3	11	364	5237149 46396489
1	3	11	40	7117777 98287199
1	3	11	438	6837959 43100603
1	3	11	446	6636267 34793075
1	3	11	512	5409258 30998763
1	3	11	55	12168030 120651896
1	3	11	56	6434824 109560554
1	3	11	64	12584336 142345278
1	3	11	69	6448808 83086287
1	3	11	77	11185473 125146626
1	3	11	83	8993868 96136149
1	3	11	87	5766399 55080182
1	3	11	90	9061969 141390141
1	3	11	987	6103760 7337055
1	6	218	303	5083938 51235971
6	11	148	218	24437365 225388284
6	11	148	303	5943258 56369803
6	11	148	316	5483417 45670954
6	11	148	438	5064832 38769329
6	11	148	987	6536769 8303404
7	11	27	148	6441791 75885900
7	11	27	205	4964081 40962686
7	11	27	218	7241268 70129057
7	11	27	87	5129429 50047063
1	11	64	148	6275926 83240765
1	11	64	218	6868452 77842010
1	4	11	148	5936017 64605496
1	4	11	218	6618660 60570461
2	3	11	148	5906115 67918390
2	3	11	218	6587129 63462812
2	3	11	27	5260541 68633549
3	6	7	11	35601740 344974044
3	6	7	138	6095287 58347651
3	6	7	148	13049395 129169723
3	6	7	205	7066264 51291116
3	6	7	218	14975924 120901362
3	6	7	27	17785385 187943920
3	6	7	278	5432592 30146133
3	6	7	55	8280257 79355677
3	6	7	64	8127089 92403446
3	6	7	77	7416315 82372295
3	6	7	83	8130942 81872331
3	6	7	87	7245050 61980901
3	6	7	897	5666659 6140123
3	6	7	90	5159661 79080422
7	11	148	218	9253156 99278966
3	6	218	273	5141957 51364129
3	6	218	303	6301380 56777315
3	6	218	316	5944340 45897193
3	6	218	438	5302101 38274878
3	6	218	446	5323626 32307863
3	6	218	987	6068143 7810432
4	6	7	11	9271719 98562673
6	11	90	148	7409707 123443540
6	11	90	218	8000835 116387189
1	6	11	135	7841939 109877625
1	6	11	136	7720115 85203265
1	6	11	138	9929933 93951384
1	6	11	148	24120921 241404596
1	6	11	155	5816236 92303569
1	6	11	205	7349778 57816199
1	6	11	215	6715390 57175371
1	6	11	218	27214390 226084995
1	6	11	229	4974865 71155020
1	6	11	25	6200218 126604695
1	6	11	254	4954207 59523210
1	6	11	269	6326082 55581503
1	6	11	27	20345404 225400848
1	6	11	273	6518390 57829933
1	6	11	278	6085680 36403652
1	6	11	294	6809872 33218825
1	6	11	303	7975769 63979458
1	6	11	314	5209272 40190313
1	6	11	316	8435796 55604714
1	6	11	364	5816144 50951624
1	6	11	40	8013941 108532281
1	6	11	438	7638717 47412137
1	6	11	446	7457235 38246394
1	6	11	49	5061793 75033602
1	6	11	490	4952834 15430877
1	6	11	504	5483323 29174906
1	6	11	512	6005742 33961434
1	6	11	55	13886602 133767378
1	6	11	56	7151291 120265296
1	6	11	64	14195888 157258739
1	6	11	69	7256051 91604130
1	6	11	737	5454228 11238412
1	6	11	77	12642370 138285838
1	6	11	83	10129157 106117799
1	6	11	87	6448937 60644353
1	6	11	897	5033836 5896332
1	6	11	90	10081327 155527173
1	6	11	987	6824874 8048971
3	11	64	148	7965467 93797047
3	11	64	218	8842180 87778877
3	4	11	148	8009172 75945799
3	4	11	218	9086459 71275457
3	4	11	27	7153654 74235997
1	7	11	148	9034282 107049726
1	7	11	218	10048613 99531863
1	7	11	27	10975032 141206141
1	7	11	55	4979100 60661920
1	7	11	64	5384410 75077238
1	7	11	83	5254180 64994579
2	6	11	148	6602909 74594121
2	6	11	218	7382529 69709310
2	6	11	27	5900548 75568046
3	6	40	148	5193168 63767244
3	6	40	218	5829908 61295286
3	6	11	135	10197296 125017209
3	6	11	136	10673417 98628330
3	6	11	138	14256683 111352338
3	6	11	14	5725727 72538716
3	6	11	148	33550392 286752439
3	6	11	155	7174284 102793683
3	6	11	1644	5195553 4523158
3	6	11	205	10872121 71189770
3	6	11	21	5401042 106858124
3	6	11	215	9722217 67789889
3	6	11	218	38704743 269150347
3	6	11	229	6168784 79173439
3	6	11	230	5265285 73634772
3	6	11	25	7723720 142353818
3	6	11	254	6141051 65549536
3	6	11	255	5010959 50006686
3	6	11	259	5107017 58373222
3	6	11	269	8578576 63426031
3	6	11	27	30793632 287009568
3	6	11	273	8616714 65357545
3	6	11	278	9024666 44291378
3	6	11	28	5420660 57764489
3	6	11	294	10673361 41903082
3	6	11	303	10688340 73042555
3	6	11	314	7092484 45748660
3	6	11	316	11989668 65032876
3	6	11	32	5853745 58377492
3	6	11	361	5668637 37883127
3	6	11	364	7285264 56763193
3	6	11	378	5126835 25513080
3	6	11	379	5892795 44645394
3	6	11	40	11146425 127364009
3	6	11	423	6220477 41061129
3	6	11	438	10146869 54114499
3	6	11	446	10434511 44146485
3	6	11	46	5297551 92121242
3	6	11	49	6962585 88803183
3	6	11	490	7729932 19259373
3	6	11	504	7299874 32846371
3	6	11	512	7600018 37518624
3	6	11	55	21610312 169527358
3	6	11	56	9174279 137233790
3	6	11	64	20534486 190203190
3	6	11	667	5038922 12279524
3	6	11	69	10188984 107730763
3	6	11	73	6533745 50915220
3	6	11	737	7740274 12889895
3	6	11	747	5892622 18466144
3	6	11	762	5000162 15804524
3	6	11	77	18264549 166130414
3	6	11	83	14765014 129279944
3	6	11	87	9623472 75607584
3	6	11	897	7497232 7303972
3	6	11	90	12875225 177005287
3	6	11	987	9106664 9064644
1	3	77	148	5547815 73311416
1	3	77	218	6100415 69077993
3	7	11	138	5443836 55252365
3	7	11	148	11875170 123180662
3	7	11	205	6387632 48529634
3	7	11	218	13463044 114767647
3	7	11	27	15837362 175828102
3	7	11	55	7207912 73984323
3	7	11	64	7286504 87518989
3	7	11	77	6654489 78007841
3	7	11	83	7310448 77376644
3	7	11	87	6538795 58548868
3	7	11	897	5117239 5808286
4	6	11	148	9017865 83937238
4	6	11	218	10263510 78785180
4	6	11	27	8091377 82328164
4	6	11	55	5427528 48448637
4	6	11	64	5381096 54896586
6	11	64	148	8889382 103232888
6	11	64	218	9891255 96631660
6	11	64	77	5094061 67910992
3	11	218	303	5814971 54424655
3	11	218	316	5423429 43958318
3	11	218	438	4960481 36964912
3	11	218	987	5575813 7492994
1	6	77	148	6176415 80550505
1	6	77	218	6805076 75926476
3	11	40	218	5311298 58415069
3	6	135	148	5186732 79760667
3	6	135	218	5726287 76350027
6	7	11	138	6112001 60793072
6	7	11	148	13282806 135648750
6	7	11	205	7119038 53416762
6	7	11	218	15094474 126416593
6	7	11	27	17756974 194366128
6	7	11	278	5461129 31430542
6	7	11	55	8154623 81786216
6	7	11	64	8173918 96473200
6	7	11	77	7476000 85984553
6	7	11	83	8189568 85329409
6	7	11	87	7285486 64497386
6	7	11	897	5697901 6373868
6	7	11	90	5336780 83671870
6	11	218	273	5265832 53902942
6	11	218	303	6466947 59799533
6	11	218	316	6062388 48337713
6	11	218	364	4977581 48164145
6	11	218	438	5507858 40581459
6	11	218	446	5423841 33985991
6	11	218	512	5126314 32340242
6	11	218	987	6197221 8206769
3	6	77	148	7899375 90512616
3	6	77	218	8857667 85735255
6	11	69	218	5385351 59030509
3	6	138	148	6174352 69205077
3	6	138	218	6989867 66024363
6	11	40	148	5339623 67340278
6	11	40	218	5930739 64234131
1	11	77	148	5746773 77578902
1	11	77	218	6267117 72708650
1	3	55	148	5280158 59901414
1	3	55	218	5958634 57251542
3	11	135	218	5358808 73571002
3	6	11	40	218	5076741 57269508
1	3	11	77	148	4980548 69345902
1	3	11	77	218	5408643 64977538
1	3	6	55	148	5016430 58534815
1	3	6	55	218	5636910 55946675
1	6	11	77	148	5531633 76146118
1	6	11	77	218	6016434 71372177
3	6	11	135	218	5188197 72466591
1	3	6	27	148	7303609 88183473
1	3	6	27	218	8160223 82162922
3	6	11	77	148	6925469 84908900
3	6	11	77	218	7640869 79888329
1	3	6	148	218	15683289 164950126
1	3	11	55	218	5132555 53256204
1	3	6	90	148	5255859 94499091
1	3	6	90	218	5656164 89428221
1	6	7	27	218	5218648 57606419
1	2	3	6	11	8825375 118051222
1	3	11	27	148	6801292 84855526
1	3	11	27	218	7529235 78732613
6	11	27	148	218	7779636 86766072
1	3	11	148	218	14601575 158618529
1	6	11	55	148	5149411 61669857
1	6	11	55	218	5733748 58569760
3	6	11	83	148	5233029 62588087
3	6	11	83	218	5814648 57933788
3	6	7	27	148	6003589 70483303
3	6	7	27	218	6778794 65315190
1	3	4	6	11	12613407 138361314
1	3	4	6	148	5510830 59897572
1	3	4	6	218	6174706 56445942
1	3	4	6	7	5203474 70365064
1	3	6	64	148	5827644 77119258
1	3	6	64	218	6405820 72406893
3	6	7	148	218	8604253 92131817
1	3	11	90	148	5027515 91969971
1	3	11	90	218	5371758 86621002
1	6	11	27	148	7550252 93251529
1	6	11	27	218	8371332 86550649
3	6	11	25	218	5012135 77614699
3	6	11	55	148	6781547 71142242
3	6	11	55	218	7674634 67875690
6	11	90	148	218	5939948 98192759
1	6	11	148	218	16233616 174521807
1	3	6	7	11	19229949 235416201
1	3	6	7	148	8402166 99354333
1	3	6	7	218	9384754 92685262
1	3	6	7	27	10313763 131834919
1	3	6	7	64	5028556 69875408
3	6	11	27	148	9819680 107179274
3	6	11	27	205	6086336 47259689
3	6	11	27	218	11084877 99635178
3	6	11	27	55	5844616 62964490
3	6	11	27	64	6007135 75592795
3	6	11	27	77	5469841 66626647
3	6	11	27	83	6170274 68170112
3	6	11	27	87	5629967 52197319
1	6	11	90	148	5549146 100946483
1	6	11	90	218	5931682 95077594
3	6	11	148	218	20888038 199953752
3	6	11	148	303	5163156 50481861
3	6	11	148	987	5657652 7455105
3	7	11	27	148	5605501 67826951
3	7	11	27	218	6275712 62650583
1	3	11	64	148	5449723 74419498
1	3	11	64	218	5936630 69564372
1	3	4	11	148	5053752 57190766
1	3	4	11	218	5600963 53605914
3	7	11	148	218	8046419 88737115
3	6	11	90	148	6515091 110740602
3	6	11	90	218	7015515 104394428
1	3	6	11	135	6747436 98175026
1	3	6	11	136	6463540 75571926
1	3	6	11	138	8192205 82749008
1	3	6	11	148	20306894 213346317
1	3	6	11	155	5083229 82873234
1	3	6	11	205	6206534 51128652
1	3	6	11	215	5606448 50597305
1	3	6	11	218	22707442 199690545
1	3	6	11	25	5399112 113387516
1	3	6	11	269	5344380 49493631
1	3	6	11	27	16845034 197221153
1	3	6	11	273	5543325 51571117
1	3	6	11	278	5075403 32132342
1	3	6	11	294	5451982 28942331
1	3	6	11	303	6777940 56978684
1	3	6	11	316	7029026 49283706
1	3	6	11	364	5053840 45689128
1	3	6	11	40	6706681 95732823
1	3	6	11	438	6531562 42274676
1	3	6	11	446	6255434 34037469
1	3	6	11	512	5207909 30520672
1	3	6	11	55	11153456 116413587
1	3	6	11	56	6190992 107609762
1	3	6	11	64	11792092 138429687
1	3	6	11	69	6072905 81020112
1	3	6	11	77	10462860 121680761
1	3	6	11	83	8451485 93501718
1	3	6	11	87	5461165 53673031
1	3	6	11	90	8718594 138832834
1	3	6	11	987	5812812 7209881
6	7	11	27	148	6213506 74445506
6	7	11	27	218	6964391 68775020
1	3	7	11	148	7799101 95450180
1	3	7	11	218	8629402 88699298
1	3	7	11	27	9372421 124743139
1	4	6	11	148	5643941 63063080
1	4	6	11	218	6265564 59111335
1	6	11	64	148	6047758 81748378
1	6	11	64	218	6598356 76436968
2	3	6	11	148	5615947 66434791
2	3	6	11	218	6233122 62061079
2	3	6	11	27	4958932 66765595
6	7	11	148	218	8926179 97431180
3	4	6	11	148	7531486 73852358
3	4	6	11	218	8493753 69284223
3	4	6	11	27	6652734 71615313
3	6	11	64	148	7617134 91873299
3	6	11	64	218	8420698 85961430
1	6	7	11	148	8669208 104890049
1	6	7	11	218	9607542 97493217
1	6	7	11	27	10449612 137497688
1	6	7	11	64	5142141 73456748
1	6	7	11	83	5022910 63534334
1	3	6	77	148	5329236 71919058
1	3	6	77	218	5842144 67771722
3	6	7	11	138	5136192 53872466
3	6	7	11	148	11298987 120310166
3	6	7	11	205	6093743 47331747
3	6	7	11	218	12749900 112041317
3	6	7	11	27	14960282 170433609
3	6	7	11	55	6699344 71566555
3	6	7	11	64	6890467 85295139
3	6	7	11	77	6283378 76001856
3	6	7	11	83	6934468 75333749
3	6	7	11	87	6236639 57065941
3	6	11	218	303	5598622 53508809
3	6	11	218	316	5175006 43110808
3	6	11	218	987	5366426 7377805
1	3	6	11	77	218	5208290 63827834
1	3	6	11	27	148	6554841 83243201
1	3	6	11	27	218	7236555 77227625
1	3	6	11	148	218	14070111 155576320
1	3	6	11	90	218	5243570 85461028
3	6	7	11	27	148	5416625 66577704
3	6	7	11	27	218	6048360 61479610
1	3	4	6	11	218	5329654 52369183
1	3	6	11	64	148	5264267 73127159
1	3	6	11	64	218	5720248 68351594
3	6	7	11	148	218	7775752 87133760
1	3	6	7	11	148	7505299 93591962
1	3	6	7	11	218	8279493 86952106
1	3	6	7	11	27	8951587 121594925
1	138	218 (5687806)
1	138	148 (5106350)
3	136	218 (5709340)
3	136	148 (5028263)
3	155	218 (5052282)
2	148	218 (5287682)
2	4	6 (5417759)
2	7	11 (7472036)
6	205	218 (5502594)
6	215	218 (5470699)
4	148	218 (6976400)
64	148	218 (7219797)
11	205	218 (4987349)
11	136	218 (5783083)
11	136	148 (5153073)
11	155	218 (5253264)
3	27	148	218 (7756360)
55	148	218 (6326354)
138	148	218 (5145473)
77	148	218 (6592379)
7	27	148	218 (4983326)
1	90	148	218 (4968903)
11	55	148	218 (5581212)
1	64	148	218 (5120596)
3	90	148	218 (5749385)
6	55	148	218 (6036609)
1	4	7	11 (5559531)
2	3	7	11 (6196293)
3	6	136	218 (5402207)
3	4	148	218 (5951518)
1	6	83	218 (5101056)
1	6	138	218 (5407669)
1	7	148	218 (7110753)
2	6	148	218 (5075909)
3	64	148	218 (6271966)
3	4	7	11 (8179534)
2	6	7	11 (6960876)
1	11	138	218 (4956739)
4	6	148	218 (6641408)
3	6	69	218 (5278159)
6	64	148	218 (6959878)
4	11	148	218 (6118667)
11	64	148	218 (6525840)
3	11	138	218 (6301501)
3	11	138	148 (5638448)
6	11	136	218 (5496619)
6	11	155	218 (5108299)
3	77	148	218 (5714500)
3	6	55	148	218 (5185829)
3	55	148	218 (5415981)
1	6	27	148	218 (5995819)
1	11	27	148	218 (5667213)
6	11	77	148	218 (5746670)
1	27	148	218 (6185690)
1	3	27	148	218 (5421551)
11	77	148	218 (5945950)
3	11	77	148	218 (5180514)
6	77	148	218 (6347984)
3	6	27	148	218 (7482747)
3	6	64	148	218 (6059385)
1	6	7	148	218 (6883604)
1	4	6	7	11 (5217724)
2	3	6	7	11 (5827407)
1	3	7	148	218 (6218430)
1	6	64	148	218 (4970395)
6	11	55	148	218 (5355290)
3	4	6	148	218 (5686681)
3	11	27	148	218 (7021724)
3	11	90	148	218 (5386198)
3	4	6	7	11 (7577016)
3	6	90	148	218 (5617982)
3	4	11	148	218 (5261735)
1	7	11	148	218 (6488120)
3	11	64	148	218 (5697183)
3	6	77	148	218 (5515391)
6	11	64	148	218 (6314093)
4	6	11	148	218 (5859556)
3	6	11	138	218 (5983486)
3	6	11	138	148 (5375013)
1	6	11	27	148	218 (5506272)
1	3	11	27	148	218 (4982745)
1	3	6	7	148	218 (6028527)
1	3	6	27	148	218 (5262160)
3	6	11	27	148	218 (6795347)
3	6	11	90	148	218 (5270717)
3	6	11	77	148	218 (5015245)
1	3	7	11	148	218 (5693487)
1	3	6	7	11	148	218 (5532034)
1	6	7	11	148	218 (6297063)
3	6	11	64	148	218 (5520878)
3	4	6	11	148	218 (5051327)
